0 34
0 38
0 40
0 41
0 42
0 43
0 46
0 49
0 51
0 54
0 59
0 60
0 61
0 63
0 69
0 70
0 74
0 75
0 79
0 81
0 82
0 84
0 86
0 87
0 90
0 92
0 94
0 96
0 97
0 98
0 99
0 100
0 102
0 104
0 107
0 108
0 111
0 114
0 115
0 116
0 121
0 122
0 124
0 126
0 127
0 131
0 136
0 137
0 138
0 140
0 141
0 143
0 144
0 150
0 152
0 153
0 159
0 162
0 167
0 168
0 169
0 174
0 178
0 184
0 187
0 188
0 189
0 190
0 192
0 193
0 194
0 195
0 196
0 197
0 198
0 199
0 201
0 203
0 204
0 209
0 213
0 215
0 216
0 223
0 227
0 229
0 235
0 236
0 237
0 239
0 245
0 250
0 253
0 255
0 257
0 258
0 260
0 261
0 263
0 265
0 266
0 270
0 271
0 273
0 274
0 275
0 276
0 281
0 286
0 288
0 291
0 292
0 293
0 294
0 297
0 300
0 302
0 304
0 306
0 307
0 310
0 312
0 313
0 314
0 316
0 320
0 322
0 323
0 324
0 326
0 328
0 329
0 336
0 343
0 345
0 347
0 348
0 351
0 353
0 354
0 355
0 357
0 360
0 361
0 363
0 366
0 372
0 374
0 377
0 379
0 380
0 383
0 384
0 386
0 390
0 391
0 392
0 397
0 409
0 413
0 415
0 423
0 429
0 431
0 433
0 434
0 435
0 438
0 440
0 444
0 446
0 453
0 455
0 458
0 460
0 461
0 465
0 466
0 468
0 472
0 478
0 483
0 486
0 488
0 495
0 505
0 524
0 534
0 536
0 537
0 547
0 553
0 565
0 581
0 587
0 599
1 81
1 99
1 102
1 123
1 131
1 142
1 156
1 186
1 193
1 194
1 195
1 198
1 199
1 205
1 222
1 235
1 238
1 359
1 371
1 383
1 479
1 503
1 601
2 36
2 37
2 38
2 41
2 42
2 43
2 46
2 47
2 50
2 51
2 52
2 53
2 54
2 57
2 58
2 60
2 61
2 62
2 63
2 67
2 69
2 71
2 72
2 73
2 75
2 76
2 77
2 78
2 79
2 80
2 81
2 82
2 84
2 90
2 91
2 92
2 93
2 94
2 95
2 96
2 97
2 98
2 99
2 100
2 101
2 102
2 108
2 109
2 111
2 113
2 114
2 116
2 117
2 119
2 121
2 122
2 123
2 124
2 129
2 130
2 131
2 132
2 133
2 134
2 137
2 138
2 139
2 140
2 141
2 142
2 143
2 144
2 146
2 147
2 149
2 151
2 155
2 156
2 157
2 158
2 159
2 161
2 163
2 164
2 166
2 167
2 168
2 169
2 170
2 171
2 173
2 175
2 177
2 180
2 181
2 183
2 184
2 185
2 186
2 187
2 188
2 190
2 191
2 192
2 193
2 194
2 195
2 196
2 197
2 198
2 201
2 202
2 203
2 204
2 205
2 206
2 208
2 209
2 210
2 211
2 213
2 215
2 216
2 218
2 219
2 220
2 221
2 222
2 223
2 224
2 225
2 226
2 228
2 229
2 231
2 234
2 235
2 236
2 237
2 238
2 239
2 240
2 243
2 244
2 245
2 246
2 247
2 248
2 250
2 251
2 253
2 255
2 258
2 259
2 260
2 261
2 264
2 267
2 268
2 269
2 270
2 271
2 272
2 273
2 274
2 275
2 279
2 280
2 284
2 286
2 287
2 289
2 290
2 291
2 296
2 298
2 299
2 300
2 304
2 305
2 307
2 308
2 309
2 310
2 312
2 314
2 319
2 320
2 321
2 324
2 327
2 328
2 330
2 331
2 332
2 333
2 334
2 335
2 336
2 337
2 338
2 339
2 340
2 343
2 345
2 346
2 348
2 349
2 352
2 353
2 356
2 358
2 360
2 361
2 362
2 363
2 364
2 365
2 366
2 367
2 368
2 369
2 370
2 371
2 372
2 374
2 376
2 381
2 382
2 383
2 384
2 389
2 390
2 392
2 393
2 398
2 405
2 406
2 407
2 410
2 413
2 416
2 417
2 418
2 425
2 428
2 429
2 430
2 431
2 432
2 433
2 436
2 437
2 439
2 441
2 444
2 446
2 450
2 451
2 455
2 456
2 458
2 459
2 461
2 462
2 465
2 471
2 476
2 478
2 481
2 482
2 483
2 484
2 486
2 488
2 489
2 492
2 493
2 495
2 498
2 502
2 503
2 506
2 517
2 522
2 523
2 524
2 525
2 528
2 530
2 532
2 535
2 537
2 542
2 545
2 548
2 549
2 553
2 555
2 561
2 568
2 569
2 572
2 576
2 580
2 590
2 592
2 600
3 52
3 57
3 120
3 138
3 145
3 170
3 198
3 240
3 298
3 363
3 435
3 499
3 599
4 46
4 77
4 99
4 136
4 143
4 169
4 183
4 189
4 190
4 193
4 196
4 202
4 284
4 300
4 322
4 344
4 359
4 368
4 521
4 598
4 599
5 34
5 38
5 40
5 42
5 43
5 44
5 45
5 49
5 50
5 51
5 52
5 54
5 55
5 57
5 58
5 59
5 60
5 62
5 63
5 64
5 65
5 66
5 67
5 68
5 69
5 70
5 72
5 73
5 74
5 75
5 76
5 77
5 78
5 79
5 80
5 82
5 85
5 86
5 91
5 92
5 94
5 95
5 98
5 99
5 101
5 102
5 106
5 107
5 108
5 109
5 110
5 111
5 113
5 114
5 116
5 118
5 119
5 121
5 122
5 123
5 126
5 127
5 130
5 131
5 132
5 135
5 136
5 138
5 139
5 140
5 141
5 142
5 144
5 146
5 147
5 148
5 149
5 152
5 153
5 154
5 162
5 163
5 165
5 166
5 167
5 168
5 169
5 174
5 175
5 180
5 181
5 182
5 183
5 184
5 188
5 189
5 190
5 191
5 192
5 193
5 195
5 196
5 198
5 199
5 203
5 205
5 206
5 210
5 211
5 213
5 214
5 217
5 218
5 219
5 223
5 224
5 225
5 226
5 228
5 230
5 232
5 234
5 237
5 240
5 241
5 245
5 247
5 248
5 250
5 252
5 254
5 256
5 258
5 259
5 265
5 266
5 267
5 268
5 269
5 271
5 272
5 276
5 283
5 284
5 285
5 286
5 287
5 288
5 296
5 297
5 299
5 301
5 302
5 305
5 307
5 309
5 311
5 316
5 318
5 321
5 324
5 326
5 327
5 329
5 334
5 336
5 338
5 340
5 343
5 345
5 346
5 349
5 350
5 355
5 357
5 361
5 362
5 364
5 367
5 369
5 372
5 373
5 375
5 377
5 379
5 380
5 381
5 382
5 383
5 386
5 402
5 403
5 404
5 405
5 407
5 408
5 410
5 411
5 413
5 425
5 427
5 429
5 430
5 434
5 439
5 443
5 447
5 453
5 456
5 457
5 460
5 462
5 465
5 466
5 467
5 473
5 475
5 480
5 481
5 483
5 486
5 488
5 489
5 490
5 492
5 495
5 499
5 501
5 505
5 507
5 508
5 510
5 516
5 517
5 519
5 520
5 529
5 532
5 539
5 546
5 550
5 551
5 554
5 563
5 568
5 569
5 571
5 572
5 577
5 580
5 581
5 583
5 585
5 597
6 49
6 63
6 94
6 97
6 137
6 151
6 162
6 167
6 168
6 176
6 179
6 180
6 181
6 188
6 189
6 190
6 191
6 193
6 195
6 197
6 199
6 233
6 275
6 285
6 320
6 321
6 342
6 350
6 360
6 366
6 378
6 498
6 521
6 552
6 596
7 34
7 35
7 36
7 39
7 40
7 41
7 44
7 47
7 48
7 49
7 52
7 53
7 75
7 79
7 81
7 85
7 91
7 93
7 94
7 96
7 101
7 104
7 106
7 107
7 115
7 125
7 127
7 130
7 138
7 146
7 149
7 156
7 161
7 166
7 167
7 175
7 178
7 179
7 180
7 181
7 186
7 187
7 188
7 189
7 190
7 192
7 193
7 194
7 196
7 202
7 209
7 216
7 228
7 229
7 230
7 231
7 232
7 233
7 238
7 248
7 251
7 256
7 258
7 267
7 269
7 274
7 284
7 295
7 311
7 319
7 321
7 322
7 328
7 329
7 331
7 337
7 348
7 350
7 353
7 357
7 359
7 361
7 363
7 365
7 367
7 370
7 371
7 376
7 377
7 388
7 401
7 405
7 416
7 424
7 428
7 430
7 431
7 433
7 437
7 471
7 488
7 497
7 504
7 517
7 522
7 525
7 540
7 543
7 556
7 560
7 563
7 564
7 567
7 570
7 575
7 592
7 595
7 600
8 35
8 37
8 39
8 46
8 47
8 48
8 49
8 51
8 52
8 54
8 59
8 61
8 62
8 63
8 67
8 70
8 71
8 73
8 74
8 75
8 76
8 88
8 92
8 95
8 96
8 100
8 107
8 108
8 113
8 116
8 118
8 123
8 127
8 128
8 132
8 133
8 135
8 137
8 138
8 143
8 144
8 159
8 160
8 163
8 165
8 181
8 185
8 186
8 187
8 190
8 191
8 198
8 200
8 215
8 216
8 220
8 231
8 242
8 243
8 244
8 247
8 253
8 255
8 262
8 263
8 264
8 265
8 266
8 281
8 283
8 284
8 285
8 293
8 296
8 298
8 299
8 302
8 303
8 304
8 308
8 319
8 321
8 326
8 330
8 337
8 340
8 350
8 352
8 354
8 364
8 366
8 370
8 374
8 376
8 378
8 379
8 400
8 408
8 410
8 422
8 424
8 435
8 453
8 454
8 455
8 463
8 470
8 472
8 483
8 489
8 498
8 511
8 519
8 520
8 542
8 543
8 562
8 563
8 565
8 568
8 569
8 574
8 594
9 34
9 39
9 46
9 51
9 61
9 66
9 72
9 73
9 75
9 82
9 91
9 98
9 102
9 105
9 113
9 115
9 118
9 122
9 124
9 126
9 128
9 131
9 134
9 137
9 150
9 151
9 158
9 161
9 163
9 164
9 178
9 181
9 186
9 187
9 188
9 194
9 209
9 211
9 215
9 223
9 241
9 246
9 253
9 254
9 256
9 270
9 272
9 279
9 282
9 283
9 284
9 293
9 301
9 303
9 304
9 333
9 339
9 344
9 351
9 356
9 357
9 360
9 361
9 363
9 365
9 369
9 373
9 375
9 393
9 400
9 405
9 407
9 414
9 432
9 443
9 445
9 446
9 454
9 463
9 472
9 485
9 486
9 497
9 515
9 516
9 542
9 565
9 593
9 597
10 40
10 44
10 49
10 50
10 52
10 53
10 55
10 60
10 64
10 65
10 69
10 71
10 72
10 82
10 86
10 90
10 108
10 109
10 119
10 125
10 133
10 135
10 136
10 141
10 163
10 177
10 178
10 184
10 185
10 187
10 198
10 201
10 213
10 224
10 225
10 234
10 240
10 245
10 253
10 260
10 261
10 262
10 263
10 264
10 291
10 294
10 302
10 319
10 323
10 324
10 341
10 347
10 350
10 362
10 364
10 368
10 376
10 378
10 384
10 399
10 400
10 406
10 420
10 425
10 428
10 438
10 451
10 481
10 484
10 492
10 496
10 503
10 509
10 514
10 515
10 541
10 563
10 572
10 592
10 601
11 34
11 38
11 43
11 48
11 49
11 52
11 53
11 54
11 62
11 63
11 64
11 68
11 70
11 71
11 73
11 85
11 92
11 96
11 97
11 99
11 101
11 102
11 110
11 115
11 125
11 129
11 130
11 135
11 140
11 141
11 146
11 148
11 152
11 153
11 157
11 160
11 161
11 174
11 175
11 176
11 182
11 183
11 184
11 185
11 186
11 187
11 188
11 206
11 207
11 217
11 219
11 222
11 224
11 235
11 239
11 240
11 244
11 246
11 252
11 253
11 259
11 260
11 261
11 262
11 263
11 268
11 293
11 315
11 318
11 323
11 327
11 334
11 337
11 361
11 363
11 366
11 367
11 372
11 373
11 377
11 396
11 402
11 405
11 421
11 424
11 435
11 450
11 451
11 452
11 462
11 488
11 489
11 493
11 495
11 510
11 516
11 533
11 544
11 545
11 563
11 565
11 566
11 571
11 572
11 591
12 42
12 43
12 120
12 177
12 203
12 348
12 360
12 376
12 382
12 426
12 462
12 507
12 515
12 536
12 590
12 591
12 592
12 594
12 595
12 596
12 597
12 598
12 599
12 600
12 601
13 34
13 35
13 36
13 37
13 39
13 40
13 41
13 42
13 43
13 44
13 45
13 46
13 47
13 48
13 49
13 50
13 51
13 52
13 54
13 55
13 56
13 57
13 58
13 59
13 60
13 61
13 62
13 63
13 64
13 65
13 66
13 67
13 68
13 69
13 70
13 71
13 77
13 78
13 79
13 80
13 81
13 82
13 83
13 84
13 85
13 86
13 87
13 88
13 89
13 90
13 91
13 92
13 93
13 94
13 95
13 97
13 98
13 100
13 101
13 102
13 103
13 104
13 105
13 106
13 108
13 109
13 110
13 111
13 112
13 113
13 114
13 115
13 118
13 119
13 120
13 121
13 122
13 123
13 124
13 127
13 128
13 129
13 130
13 131
13 132
13 133
13 134
13 135
13 136
13 137
13 138
13 139
13 140
13 141
13 142
13 144
13 145
13 146
13 147
13 148
13 149
13 150
13 152
13 153
13 154
13 155
13 156
13 157
13 158
13 159
13 160
13 161
13 162
13 163
13 165
13 166
13 167
13 168
13 169
13 171
13 172
13 173
13 174
13 175
13 176
13 177
13 178
13 179
13 180
13 181
13 182
13 183
13 184
13 185
13 186
13 187
13 188
13 189
13 190
13 191
13 193
13 195
13 196
13 197
13 198
13 200
13 201
13 202
13 203
13 204
13 205
13 206
13 207
13 208
13 209
13 210
13 211
13 212
13 214
13 215
13 216
13 217
13 218
13 219
13 220
13 221
13 222
13 223
13 224
13 225
13 226
13 227
13 228
13 229
13 230
13 231
13 232
13 233
13 234
13 235
13 236
13 237
13 238
13 239
13 240
13 241
13 242
13 244
13 245
13 246
13 247
13 248
13 249
13 250
13 251
13 252
13 253
13 254
13 257
13 258
13 259
13 260
13 261
13 263
13 264
13 265
13 266
13 268
13 269
13 270
13 273
13 275
13 276
13 277
13 278
13 279
13 280
13 281
13 284
13 285
13 287
13 288
13 289
13 290
13 291
13 292
13 293
13 294
13 295
13 296
13 297
13 298
13 299
13 300
13 301
13 303
13 304
13 305
13 307
13 308
13 309
13 310
13 311
13 312
13 313
13 314
13 316
13 319
13 321
13 322
13 323
13 324
13 325
13 326
13 327
13 328
13 329
13 330
13 331
13 332
13 333
13 334
13 335
13 336
13 337
13 338
13 341
13 342
13 343
13 344
13 345
13 346
13 347
13 348
13 349
13 350
13 351
13 352
13 353
13 354
13 355
13 357
13 358
13 359
13 361
13 363
13 364
13 365
13 366
13 369
13 370
13 371
13 372
13 373
13 374
13 375
13 376
13 378
13 379
13 380
13 381
13 384
13 385
13 387
13 390
13 392
13 394
13 395
13 396
13 397
13 399
13 400
13 401
13 402
13 403
13 405
13 409
13 410
13 412
13 413
13 414
13 416
13 417
13 418
13 419
13 420
13 421
13 422
13 424
13 425
13 426
13 428
13 429
13 430
13 431
13 432
13 433
13 434
13 438
13 439
13 441
13 442
13 443
13 444
13 445
13 446
13 447
13 448
13 449
13 451
13 452
13 453
13 454
13 457
13 458
13 459
13 460
13 461
13 463
13 464
13 465
13 466
13 467
13 468
13 470
13 471
13 472
13 473
13 475
13 476
13 478
13 479
13 480
13 481
13 482
13 484
13 485
13 487
13 488
13 489
13 490
13 491
13 492
13 493
13 495
13 497
13 500
13 501
13 502
13 503
13 504
13 505
13 506
13 508
13 510
13 512
13 513
13 514
13 515
13 516
13 517
13 521
13 523
13 524
13 526
13 527
13 528
13 530
13 531
13 534
13 535
13 537
13 538
13 539
13 540
13 542
13 543
13 544
13 550
13 552
13 553
13 557
13 558
13 559
13 560
13 561
13 562
13 563
13 564
13 565
13 567
13 568
13 569
13 570
13 571
13 572
13 573
13 575
13 576
13 577
13 579
13 580
13 581
13 582
13 587
13 589
13 593
13 598
13 600
14 34
14 35
14 36
14 40
14 41
14 42
14 43
14 45
14 46
14 48
14 49
14 50
14 51
14 53
14 54
14 55
14 56
14 57
14 58
14 59
14 60
14 61
14 64
14 65
14 66
14 67
14 68
14 69
14 70
14 71
14 78
14 82
14 83
14 85
14 86
14 88
14 89
14 90
14 93
14 97
14 98
14 99
14 101
14 104
14 105
14 106
14 107
14 108
14 110
14 112
14 113
14 117
14 118
14 119
14 121
14 122
14 123
14 126
14 127
14 129
14 131
14 132
14 133
14 134
14 135
14 137
14 139
14 140
14 143
14 147
14 149
14 153
14 154
14 156
14 158
14 159
14 160
14 165
14 168
14 171
14 172
14 173
14 174
14 175
14 176
14 179
14 180
14 181
14 182
14 183
14 186
14 187
14 189
14 190
14 191
14 193
14 194
14 196
14 197
14 198
14 201
14 202
14 203
14 204
14 209
14 210
14 211
14 212
14 214
14 216
14 217
14 219
14 221
14 223
14 225
14 231
14 232
14 236
14 237
14 238
14 239
14 240
14 241
14 243
14 247
14 249
14 250
14 251
14 256
14 257
14 258
14 259
14 260
14 261
14 267
14 268
14 274
14 275
14 277
14 278
14 279
14 286
14 287
14 288
14 290
14 292
14 293
14 294
14 296
14 298
14 299
14 300
14 302
14 312
14 313
14 315
14 319
14 320
14 324
14 327
14 328
14 334
14 336
14 339
14 340
14 341
14 345
14 346
14 352
14 356
14 358
14 360
14 364
14 368
14 370
14 371
14 372
14 373
14 374
14 375
14 377
14 378
14 380
14 381
14 388
14 394
14 395
14 396
14 398
14 400
14 402
14 404
14 416
14 418
14 420
14 421
14 430
14 432
14 444
14 447
14 449
14 453
14 457
14 458
14 463
14 464
14 466
14 472
14 474
14 480
14 481
14 483
14 486
14 487
14 489
14 490
14 492
14 499
14 505
14 510
14 511
14 513
14 520
14 523
14 536
14 537
14 538
14 542
14 556
14 557
14 559
14 560
14 562
14 563
14 564
14 568
14 569
14 572
14 574
14 586
14 588
14 592
14 596
14 597
14 598
14 599
14 600
14 601
15 34
15 37
15 38
15 39
15 40
15 41
15 44
15 45
15 46
15 48
15 49
15 52
15 53
15 54
15 57
15 60
15 65
15 66
15 67
15 71
15 75
15 76
15 77
15 79
15 81
15 82
15 83
15 84
15 85
15 86
15 88
15 89
15 93
15 96
15 97
15 99
15 101
15 103
15 104
15 106
15 109
15 112
15 115
15 116
15 117
15 120
15 121
15 122
15 125
15 126
15 129
15 130
15 131
15 137
15 138
15 142
15 143
15 145
15 148
15 152
15 154
15 155
15 156
15 158
15 159
15 167
15 170
15 171
15 172
15 174
15 177
15 178
15 179
15 180
15 181
15 182
15 183
15 184
15 185
15 186
15 188
15 191
15 193
15 195
15 200
15 201
15 202
15 208
15 212
15 213
15 214
15 217
15 218
15 220
15 221
15 222
15 224
15 230
15 231
15 235
15 236
15 237
15 238
15 239
15 240
15 244
15 246
15 247
15 248
15 249
15 255
15 256
15 257
15 258
15 259
15 260
15 261
15 262
15 266
15 267
15 273
15 274
15 276
15 277
15 279
15 285
15 286
15 287
15 289
15 291
15 293
15 296
15 297
15 298
15 299
15 301
15 302
15 307
15 309
15 311
15 312
15 313
15 314
15 317
15 318
15 321
15 322
15 324
15 330
15 332
15 333
15 339
15 341
15 344
15 345
15 348
15 349
15 350
15 351
15 355
15 357
15 359
15 362
15 363
15 368
15 369
15 370
15 371
15 372
15 373
15 376
15 377
15 379
15 387
15 388
15 393
15 394
15 395
15 396
15 398
15 400
15 403
15 413
15 416
15 417
15 419
15 420
15 422
15 426
15 429
15 430
15 431
15 440
15 442
15 443
15 445
15 447
15 448
15 449
15 452
15 455
15 463
15 465
15 466
15 467
15 468
15 471
15 473
15 480
15 482
15 485
15 488
15 489
15 490
15 495
15 504
15 506
15 509
15 510
15 512
15 515
15 517
15 519
15 522
15 535
15 540
15 541
15 548
15 552
15 555
15 556
15 561
15 562
15 567
15 587
15 591
15 596
15 598
15 600
15 601
16 38
16 43
16 44
16 46
16 47
16 48
16 49
16 51
16 52
16 53
16 59
16 63
16 64
16 65
16 66
16 74
16 80
16 81
16 83
16 84
16 88
16 97
16 105
16 107
16 108
16 109
16 110
16 115
16 117
16 120
16 124
16 127
16 128
16 129
16 130
16 134
16 135
16 136
16 137
16 140
16 143
16 152
16 156
16 157
16 169
16 170
16 171
16 172
16 173
16 174
16 177
16 179
16 180
16 181
16 182
16 185
16 186
16 187
16 192
16 194
16 195
16 201
16 202
16 206
16 211
16 212
16 214
16 217
16 219
16 220
16 221
16 223
16 225
16 232
16 234
16 239
16 241
16 246
16 247
16 249
16 254
16 255
16 257
16 258
16 260
16 261
16 272
16 275
16 276
16 277
16 285
16 286
16 288
16 290
16 291
16 294
16 296
16 298
16 300
16 306
16 308
16 310
16 312
16 313
16 322
16 324
16 329
16 331
16 332
16 333
16 334
16 338
16 342
16 344
16 346
16 349
16 354
16 356
16 358
16 360
16 362
16 368
16 369
16 370
16 373
16 378
16 387
16 389
16 391
16 393
16 394
16 400
16 408
16 414
16 430
16 445
16 446
16 455
16 462
16 479
16 481
16 484
16 495
16 503
16 508
16 509
16 512
16 528
16 535
16 558
16 565
16 567
16 584
16 586
16 595
16 599
16 600
17 37
17 42
17 43
17 58
17 61
17 65
17 98
17 104
17 106
17 107
17 108
17 115
17 119
17 129
17 131
17 134
17 135
17 144
17 155
17 156
17 157
17 171
17 173
17 177
17 179
17 180
17 187
17 194
17 195
17 200
17 213
17 216
17 218
17 219
17 220
17 222
17 225
17 233
17 235
17 238
17 239
17 241
17 248
17 253
17 254
17 256
17 257
17 264
17 275
17 284
17 300
17 306
17 312
17 328
17 331
17 334
17 340
17 343
17 348
17 349
17 354
17 355
17 357
17 361
17 367
17 369
17 381
17 390
17 395
17 398
17 402
17 403
17 405
17 408
17 410
17 413
17 437
17 444
17 468
17 478
17 480
17 491
17 496
17 525
17 527
17 534
17 555
17 560
17 564
17 565
17 566
17 585
17 586
17 587
17 588
17 589
17 590
17 591
17 592
17 593
17 594
17 595
17 596
17 597
17 598
17 599
17 600
17 601
18 34
18 35
18 36
18 37
18 38
18 39
18 40
18 41
18 42
18 43
18 44
18 45
18 46
18 47
18 48
18 49
18 50
18 51
18 52
18 53
18 54
18 55
18 56
18 57
18 58
18 59
18 60
18 61
18 62
18 63
18 64
18 65
18 66
18 67
18 68
18 69
18 70
18 71
18 72
18 73
18 74
18 75
18 76
18 77
18 78
18 79
18 80
18 81
18 82
18 83
18 84
18 85
18 86
18 87
18 88
18 89
18 90
18 91
18 92
18 93
18 94
18 95
18 96
18 97
18 98
18 99
18 100
18 101
18 102
18 103
18 104
18 105
18 106
18 107
18 108
18 109
18 110
18 111
18 112
18 113
18 114
18 115
18 116
18 117
18 118
18 119
18 120
18 121
18 122
18 123
18 124
18 125
18 126
18 127
18 128
18 129
18 130
18 131
18 132
18 133
18 134
18 135
18 136
18 137
18 138
18 139
18 140
18 141
18 142
18 143
18 144
18 145
18 146
18 147
18 148
18 149
18 150
18 151
18 152
18 153
18 154
18 155
18 156
18 157
18 158
18 159
18 160
18 161
18 162
18 163
18 164
18 165
18 166
18 167
18 168
18 169
18 170
18 171
18 172
18 173
18 174
18 175
18 176
18 177
18 178
18 179
18 180
18 181
18 182
18 183
18 184
18 185
18 186
18 187
18 188
18 189
18 190
18 191
18 192
18 193
18 194
18 195
18 196
18 197
18 198
18 199
18 200
18 201
18 202
18 203
18 204
18 205
18 206
18 207
18 208
18 209
18 210
18 211
18 212
18 213
18 214
18 215
18 216
18 217
18 218
18 219
18 220
18 221
18 222
18 223
18 224
18 225
18 226
18 227
18 228
18 229
18 230
18 231
18 232
18 233
18 234
18 235
18 236
18 237
18 238
18 239
18 240
18 241
18 242
18 243
18 244
18 245
18 246
18 247
18 248
18 249
18 250
18 251
18 252
18 253
18 254
18 255
18 256
18 257
18 258
18 259
18 260
18 261
18 262
18 263
18 264
18 265
18 266
18 267
18 268
18 269
18 270
18 271
18 272
18 273
18 274
18 275
18 276
18 277
18 278
18 279
18 280
18 281
18 282
18 283
18 284
18 285
18 286
18 287
18 288
18 289
18 290
18 291
18 292
18 293
18 294
18 295
18 296
18 297
18 298
18 299
18 300
18 301
18 302
18 303
18 304
18 305
18 306
18 307
18 308
18 309
18 310
18 311
18 312
18 313
18 314
18 315
18 316
18 317
18 318
18 319
18 320
18 321
18 322
18 323
18 324
18 325
18 326
18 327
18 328
18 329
18 330
18 331
18 332
18 333
18 334
18 335
18 336
18 337
18 338
18 339
18 340
18 341
18 342
18 343
18 344
18 345
18 346
18 347
18 348
18 349
18 350
18 351
18 352
18 353
18 354
18 355
18 356
18 357
18 358
18 359
18 360
18 361
18 362
18 363
18 364
18 365
18 366
18 367
18 368
18 369
18 370
18 371
18 372
18 373
18 374
18 375
18 376
18 377
18 378
18 379
18 380
18 381
18 382
18 383
18 384
18 385
18 386
18 387
18 388
18 389
18 390
18 391
18 392
18 393
18 394
18 395
18 396
18 397
18 398
18 399
18 400
18 401
18 402
18 403
18 404
18 405
18 406
18 407
18 408
18 409
18 410
18 411
18 412
18 413
18 414
18 415
18 416
18 417
18 418
18 419
18 420
18 421
18 422
18 423
18 424
18 425
18 426
18 427
18 428
18 429
18 430
18 431
18 432
18 433
18 434
18 435
18 436
18 437
18 438
18 439
18 440
18 441
18 442
18 443
18 444
18 445
18 446
18 447
18 448
18 449
18 450
18 451
18 452
18 453
18 454
18 455
18 456
18 457
18 458
18 459
18 460
18 461
18 462
18 463
18 464
18 465
18 466
18 467
18 468
18 469
18 470
18 471
18 472
18 473
18 474
18 475
18 476
18 477
18 478
18 479
18 480
18 481
18 482
18 483
18 484
18 485
18 486
18 487
18 488
18 489
18 490
18 491
18 492
18 493
18 494
18 495
18 496
18 497
18 498
18 499
18 500
18 501
18 502
18 503
18 504
18 505
18 506
18 507
18 508
18 509
18 510
18 511
18 512
18 513
18 514
18 515
18 516
18 517
18 518
18 519
18 520
18 521
18 522
18 523
18 524
18 525
18 526
18 527
18 528
18 529
18 530
18 531
18 532
18 533
18 534
18 535
18 536
18 537
18 538
18 539
18 540
18 541
18 542
18 543
18 544
18 545
18 546
18 547
18 548
18 549
18 550
18 551
18 552
18 553
18 554
18 555
18 556
18 557
18 558
18 559
18 560
18 561
18 562
18 563
18 564
18 565
18 566
18 567
18 568
18 569
18 570
18 571
18 572
18 573
18 574
18 575
18 576
18 577
18 578
18 579
18 580
18 581
18 582
18 584
18 585
18 588
18 589
18 590
18 591
18 592
18 593
18 594
18 595
18 597
18 598
18 599
18 600
19 34
19 35
19 37
19 38
19 39
19 40
19 41
19 43
19 44
19 45
19 46
19 48
19 49
19 50
19 51
19 52
19 54
19 55
19 56
19 57
19 59
19 60
19 61
19 62
19 63
19 64
19 65
19 67
19 68
19 69
19 71
19 72
19 73
19 74
19 75
19 76
19 77
19 78
19 79
19 80
19 81
19 82
19 83
19 84
19 85
19 88
19 89
19 91
19 92
19 93
19 94
19 95
19 96
19 97
19 98
19 99
19 100
19 101
19 102
19 103
19 104
19 105
19 106
19 107
19 108
19 109
19 112
19 113
19 114
19 115
19 116
19 117
19 118
19 119
19 120
19 121
19 122
19 123
19 124
19 125
19 126
19 127
19 128
19 129
19 130
19 132
19 133
19 134
19 135
19 136
19 137
19 138
19 139
19 140
19 141
19 142
19 143
19 144
19 146
19 148
19 149
19 150
19 151
19 153
19 154
19 155
19 156
19 157
19 159
19 160
19 161
19 162
19 163
19 164
19 166
19 167
19 168
19 169
19 170
19 171
19 172
19 173
19 174
19 175
19 176
19 177
19 178
19 179
19 180
19 181
19 182
19 184
19 185
19 186
19 187
19 188
19 190
19 191
19 192
19 193
19 194
19 195
19 196
19 197
19 198
19 199
19 200
19 201
19 202
19 203
19 204
19 205
19 206
19 207
19 208
19 209
19 210
19 211
19 212
19 214
19 215
19 216
19 217
19 218
19 219
19 220
19 222
19 223
19 224
19 225
19 226
19 227
19 228
19 229
19 231
19 232
19 233
19 234
19 235
19 236
19 238
19 239
19 240
19 241
19 242
19 243
19 244
19 245
19 246
19 247
19 249
19 250
19 251
19 252
19 253
19 254
19 255
19 256
19 257
19 258
19 260
19 262
19 263
19 264
19 267
19 268
19 269
19 270
19 271
19 272
19 273
19 274
19 275
19 278
19 279
19 281
19 282
19 283
19 284
19 287
19 288
19 291
19 292
19 293
19 294
19 295
19 297
19 298
19 299
19 301
19 302
19 303
19 304
19 305
19 306
19 307
19 308
19 309
19 310
19 311
19 313
19 315
19 316
19 317
19 318
19 319
19 320
19 321
19 322
19 323
19 324
19 326
19 327
19 328
19 329
19 330
19 331
19 332
19 334
19 335
19 336
19 337
19 339
19 340
19 341
19 342
19 343
19 344
19 345
19 346
19 347
19 348
19 349
19 350
19 351
19 352
19 353
19 354
19 355
19 357
19 358
19 359
19 360
19 361
19 363
19 364
19 365
19 366
19 367
19 369
19 372
19 373
19 375
19 378
19 379
19 381
19 383
19 386
19 388
19 389
19 390
19 391
19 393
19 394
19 395
19 396
19 397
19 399
19 400
19 401
19 404
19 405
19 406
19 408
19 409
19 411
19 412
19 413
19 414
19 415
19 416
19 417
19 419
19 421
19 422
19 424
19 425
19 427
19 429
19 432
19 433
19 435
19 437
19 438
19 439
19 440
19 441
19 442
19 443
19 445
19 446
19 447
19 448
19 452
19 453
19 454
19 455
19 459
19 461
19 464
19 465
19 466
19 467
19 468
19 469
19 470
19 472
19 473
19 474
19 475
19 476
19 478
19 479
19 481
19 482
19 483
19 484
19 485
19 486
19 487
19 489
19 494
19 496
19 499
19 500
19 505
19 506
19 508
19 509
19 511
19 515
19 517
19 518
19 520
19 521
19 522
19 523
19 525
19 528
19 531
19 532
19 533
19 534
19 535
19 536
19 537
19 538
19 539
19 542
19 544
19 551
19 552
19 553
19 554
19 555
19 557
19 558
19 559
19 561
19 562
19 563
19 564
19 565
19 568
19 570
19 571
19 573
19 574
19 579
19 580
19 581
19 583
19 584
19 587
19 588
19 589
19 590
19 591
19 592
19 593
19 594
19 596
19 597
19 598
19 599
19 601
20 34
20 36
20 37
20 38
20 39
20 40
20 42
20 43
20 44
20 45
20 47
20 48
20 49
20 50
20 51
20 53
20 54
20 55
20 56
20 57
20 58
20 59
20 60
20 61
20 62
20 63
20 64
20 66
20 67
20 68
20 70
20 71
20 72
20 73
20 74
20 75
20 76
20 77
20 78
20 79
20 80
20 81
20 82
20 83
20 84
20 87
20 88
20 90
20 91
20 92
20 93
20 94
20 95
20 96
20 97
20 98
20 99
20 100
20 101
20 102
20 103
20 104
20 105
20 106
20 107
20 108
20 111
20 112
20 113
20 114
20 115
20 116
20 117
20 118
20 119
20 120
20 121
20 122
20 123
20 124
20 125
20 126
20 127
20 128
20 129
20 131
20 132
20 133
20 134
20 135
20 136
20 137
20 138
20 139
20 140
20 141
20 142
20 143
20 145
20 147
20 148
20 149
20 150
20 151
20 152
20 153
20 154
20 155
20 156
20 158
20 159
20 160
20 161
20 162
20 163
20 164
20 165
20 166
20 167
20 168
20 169
20 170
20 171
20 172
20 173
20 174
20 175
20 176
20 177
20 178
20 179
20 180
20 181
20 183
20 184
20 185
20 186
20 187
20 189
20 190
20 191
20 192
20 193
20 194
20 195
20 196
20 197
20 198
20 199
20 200
20 201
20 202
20 203
20 204
20 205
20 206
20 207
20 208
20 209
20 210
20 211
20 213
20 214
20 215
20 216
20 217
20 218
20 219
20 221
20 222
20 223
20 224
20 225
20 226
20 227
20 228
20 229
20 230
20 231
20 232
20 233
20 234
20 235
20 237
20 238
20 239
20 240
20 241
20 242
20 243
20 244
20 245
20 246
20 248
20 249
20 250
20 251
20 252
20 253
20 254
20 255
20 256
20 257
20 259
20 260
20 261
20 262
20 263
20 266
20 267
20 268
20 269
20 270
20 271
20 272
20 273
20 274
20 277
20 278
20 280
20 281
20 282
20 283
20 286
20 287
20 290
20 291
20 292
20 293
20 294
20 296
20 297
20 298
20 300
20 301
20 302
20 303
20 304
20 305
20 306
20 307
20 308
20 309
20 310
20 312
20 314
20 315
20 316
20 317
20 318
20 319
20 320
20 321
20 322
20 323
20 325
20 326
20 327
20 328
20 329
20 330
20 331
20 333
20 334
20 335
20 336
20 338
20 339
20 340
20 341
20 342
20 343
20 344
20 345
20 346
20 347
20 348
20 349
20 350
20 351
20 352
20 353
20 354
20 356
20 357
20 358
20 359
20 360
20 362
20 363
20 364
20 365
20 366
20 368
20 371
20 372
20 374
20 377
20 378
20 380
20 382
20 385
20 387
20 388
20 389
20 390
20 392
20 393
20 394
20 395
20 396
20 398
20 399
20 400
20 403
20 404
20 405
20 407
20 408
20 410
20 411
20 412
20 413
20 414
20 415
20 416
20 418
20 419
20 420
20 421
20 423
20 424
20 426
20 428
20 431
20 432
20 434
20 436
20 437
20 438
20 439
20 440
20 441
20 442
20 444
20 445
20 446
20 447
20 451
20 452
20 453
20 454
20 458
20 460
20 463
20 464
20 465
20 466
20 467
20 468
20 469
20 471
20 472
20 473
20 474
20 475
20 477
20 478
20 480
20 481
20 482
20 483
20 484
20 485
20 486
20 488
20 493
20 495
20 498
20 499
20 504
20 505
20 507
20 508
20 510
20 514
20 516
20 517
20 519
20 520
20 521
20 522
20 524
20 525
20 527
20 530
20 531
20 532
20 533
20 534
20 535
20 536
20 537
20 538
20 541
20 543
20 545
20 547
20 550
20 551
20 552
20 553
20 554
20 556
20 557
20 558
20 560
20 561
20 562
20 563
20 564
20 567
20 569
20 570
20 572
20 573
20 578
20 579
20 580
20 582
21 34
21 215
21 224
21 581
21 583
21 584
21 585
21 587
21 588
21 589
21 590
21 591
21 592
21 594
21 595
21 596
21 597
21 599
21 601
22 35
22 36
22 37
22 38
22 40
22 41
22 42
22 43
22 45
22 46
22 47
22 48
22 49
22 51
22 52
22 53
22 55
22 56
22 57
22 58
22 59
22 60
22 61
22 62
22 64
22 66
22 68
22 69
22 71
22 72
22 73
22 74
22 75
22 76
22 77
22 78
22 79
22 81
22 82
22 84
22 85
22 86
22 88
22 89
22 91
22 92
22 93
22 94
22 95
22 96
22 97
22 98
22 99
22 100
22 101
22 102
22 103
22 104
22 105
22 108
22 109
22 110
22 111
22 112
22 114
22 115
22 116
22 118
22 119
22 120
22 121
22 122
22 123
22 124
22 125
22 127
22 129
22 130
22 131
22 132
22 134
22 135
22 136
22 137
22 138
22 139
22 141
22 143
22 144
22 145
22 146
22 147
22 148
22 150
22 151
22 152
22 153
22 154
22 156
22 159
22 161
22 163
22 164
22 165
22 166
22 167
22 168
22 171
22 172
22 173
22 174
22 175
22 176
22 177
22 179
22 181
22 182
22 184
22 186
22 187
22 188
22 190
22 191
22 192
22 193
22 194
22 195
22 196
22 197
22 198
22 200
22 201
22 202
22 203
22 204
22 205
22 206
22 207
22 208
22 209
22 211
22 213
22 214
22 215
22 216
22 217
22 220
22 221
22 223
22 224
22 225
22 226
22 228
22 231
22 233
22 235
22 236
22 238
22 239
22 240
22 241
22 242
22 243
22 244
22 245
22 246
22 247
22 248
22 249
22 250
22 251
22 252
22 253
22 254
22 255
22 256
22 257
22 258
22 259
22 260
22 264
22 266
22 267
22 268
22 269
22 270
22 271
22 273
22 275
22 276
22 277
22 279
22 280
22 282
22 284
22 285
22 290
22 291
22 292
22 293
22 294
22 296
22 299
22 300
22 301
22 302
22 303
22 304
22 305
22 306
22 307
22 308
22 310
22 312
22 313
22 314
22 316
22 317
22 318
22 319
22 320
22 321
22 323
22 324
22 325
22 326
22 327
22 328
22 330
22 332
22 333
22 334
22 336
22 338
22 340
22 341
22 342
22 343
22 344
22 345
22 346
22 347
22 348
22 349
22 350
22 352
22 355
22 356
22 361
22 362
22 363
22 364
22 365
22 366
22 369
22 370
22 372
22 375
22 377
22 378
22 380
22 382
22 383
22 385
22 387
22 388
22 390
22 391
22 393
22 394
22 396
22 397
22 398
22 401
22 404
22 405
22 407
22 408
22 409
22 410
22 412
22 413
22 415
22 416
22 417
22 418
22 421
22 423
22 427
22 429
22 430
22 431
22 432
22 434
22 435
22 436
22 438
22 439
22 440
22 441
22 442
22 444
22 445
22 449
22 450
22 451
22 453
22 456
22 458
22 461
22 462
22 463
22 464
22 466
22 467
22 469
22 471
22 472
22 473
22 475
22 476
22 477
22 478
22 479
22 480
22 482
22 483
22 484
22 485
22 486
22 491
22 492
22 497
22 499
22 502
22 503
22 505
22 506
22 507
22 508
22 512
22 515
22 517
22 520
22 522
22 529
22 533
22 536
22 540
22 549
22 552
22 554
22 555
22 556
22 559
22 560
22 561
22 563
22 570
22 571
22 574
22 576
22 578
22 580
22 582
22 583
22 584
22 586
22 587
22 588
22 589
22 590
22 591
22 593
22 594
22 595
22 596
22 598
22 600
23 34
23 35
23 36
23 37
23 39
23 40
23 41
23 42
23 44
23 45
23 46
23 47
23 48
23 50
23 51
23 52
23 54
23 55
23 56
23 57
23 58
23 59
23 60
23 61
23 63
23 65
23 67
23 68
23 70
23 71
23 72
23 73
23 74
23 75
23 76
23 77
23 78
23 80
23 81
23 83
23 84
23 85
23 87
23 88
23 90
23 91
23 92
23 93
23 94
23 95
23 96
23 97
23 98
23 99
23 100
23 101
23 102
23 103
23 104
23 107
23 108
23 109
23 110
23 111
23 113
23 114
23 115
23 117
23 118
23 119
23 120
23 121
23 122
23 123
23 124
23 126
23 128
23 129
23 130
23 131
23 133
23 134
23 135
23 136
23 137
23 138
23 140
23 142
23 143
23 144
23 145
23 146
23 147
23 149
23 150
23 151
23 152
23 153
23 155
23 158
23 159
23 160
23 162
23 163
23 164
23 165
23 166
23 167
23 170
23 171
23 172
23 173
23 174
23 175
23 176
23 178
23 180
23 181
23 183
23 185
23 186
23 187
23 189
23 190
23 191
23 192
23 194
23 195
23 196
23 197
23 199
23 200
23 201
23 202
23 203
23 204
23 205
23 207
23 210
23 212
23 213
23 214
23 215
23 216
23 219
23 220
23 222
23 223
23 224
23 225
23 227
23 232
23 234
23 235
23 237
23 238
23 239
23 240
23 241
23 242
23 243
23 244
23 245
23 246
23 247
23 248
23 249
23 250
23 251
23 252
23 253
23 254
23 255
23 256
23 257
23 258
23 259
23 263
23 265
23 266
23 267
23 268
23 269
23 270
23 272
23 274
23 275
23 276
23 278
23 279
23 281
23 283
23 284
23 287
23 289
23 290
23 291
23 292
23 293
23 295
23 298
23 299
23 300
23 301
23 302
23 303
23 304
23 305
23 306
23 307
23 309
23 311
23 312
23 313
23 315
23 316
23 317
23 318
23 319
23 320
23 322
23 323
23 324
23 325
23 326
23 327
23 329
23 331
23 332
23 333
23 335
23 337
23 339
23 340
23 341
23 342
23 343
23 344
23 345
23 346
23 347
23 348
23 349
23 351
23 354
23 355
23 360
23 361
23 362
23 363
23 364
23 365
23 368
23 369
23 371
23 374
23 376
23 377
23 381
23 382
23 384
23 386
23 387
23 389
23 390
23 392
23 393
23 395
23 396
23 397
23 400
23 403
23 404
23 406
23 407
23 408
23 409
23 411
23 412
23 414
23 415
23 416
23 417
23 420
23 422
23 426
23 428
23 429
23 430
23 431
23 433
23 434
23 435
23 437
23 438
23 439
23 440
23 443
23 444
23 448
23 449
23 450
23 452
23 455
23 457
23 460
23 461
23 463
23 465
23 466
23 468
23 470
23 471
23 472
23 474
23 475
23 476
23 477
23 478
23 479
23 481
23 482
23 483
23 484
23 485
23 490
23 496
23 498
23 501
23 502
23 504
23 505
23 506
23 507
23 511
23 514
23 516
23 519
23 521
23 528
23 532
23 535
23 539
23 548
23 551
23 553
23 554
23 555
23 558
23 559
23 560
23 562
23 569
23 570
23 573
23 575
23 577
23 579
23 599
23 600
24 97
24 130
24 493
24 569
24 578
24 587
24 589
25 34
25 35
25 37
25 40
25 53
25 57
25 75
25 99
25 108
25 109
25 118
25 119
25 121
25 130
25 132
25 143
25 181
25 185
25 203
25 205
25 208
25 218
25 225
25 244
25 245
25 310
25 315
25 316
25 322
25 323
25 326
25 336
25 343
25 344
25 347
25 349
25 359
25 382
25 384
25 387
25 391
25 448
25 453
25 496
25 503
25 519
25 556
25 557
25 577
25 598
26 135
26 397
26 576
26 579
26 582
26 585
26 586
26 597
26 601
27 37
27 38
27 51
27 52
27 55
27 60
27 64
27 71
27 77
27 93
27 94
27 96
27 97
27 105
27 106
27 116
27 117
27 118
27 126
27 129
27 130
27 132
27 133
27 134
27 141
27 144
27 160
27 161
27 162
27 163
27 166
27 167
27 169
27 170
27 174
27 182
27 189
27 191
27 205
27 216
27 217
27 229
27 236
27 240
27 254
27 267
27 284
27 285
27 286
27 302
27 305
27 307
27 311
27 313
27 315
27 320
27 321
27 330
27 338
27 339
27 340
27 345
27 347
27 351
27 357
27 367
27 377
27 396
27 400
27 403
27 408
27 434
27 435
27 451
27 454
27 487
27 490
27 493
27 521
27 549
27 576
28 575
28 587
28 594
29 40
29 195
29 308
29 355
29 519
29 554
29 574
30 573
31 162
31 193
31 306
31 317
31 339
31 353
31 572
31 577
31 578
31 580
31 581
31 583
31 584
31 597
32 37
32 49
32 50
32 60
32 68
32 70
32 76
32 82
32 91
32 100
32 105
32 108
32 111
32 113
32 120
32 123
32 126
32 136
32 138
32 140
32 141
32 142
32 150
32 153
32 154
32 156
32 161
32 163
32 164
32 165
32 166
32 167
32 183
32 190
32 191
32 192
32 196
32 204
32 205
32 207
32 218
32 222
32 249
32 250
32 258
32 260
32 270
32 282
32 294
32 296
32 301
32 305
32 306
32 316
32 328
32 329
32 333
32 334
32 335
32 336
32 338
32 340
32 342
32 351
32 352
32 388
32 398
32 446
32 448
32 462
32 465
32 471
32 550
32 571
32 574
32 576
32 577
32 578
32 579
32 580
32 582
32 583
32 585
32 587
32 590
32 596
32 599
33 34
33 36
33 49
33 52
33 54
33 55
33 64
33 65
33 66
33 67
33 68
33 69
33 75
33 77
33 78
33 81
33 86
33 90
33 91
33 99
33 101
33 104
33 105
33 107
33 108
33 110
33 111
33 112
33 120
33 123
33 124
33 125
33 128
33 134
33 135
33 139
33 140
33 141
33 149
33 154
33 155
33 156
33 157
33 159
33 160
33 162
33 163
33 164
33 166
33 168
33 169
33 175
33 176
33 182
33 183
33 185
33 187
33 202
33 203
33 204
33 205
33 206
33 211
33 212
33 222
33 225
33 241
33 242
33 247
33 248
33 257
33 258
33 268
33 269
33 273
33 280
33 281
33 283
33 289
33 290
33 293
33 295
33 302
33 310
33 312
33 314
33 318
33 322
33 323
33 324
33 333
33 334
33 335
33 336
33 337
33 338
33 339
33 341
33 345
33 347
33 350
33 351
33 353
33 355
33 357
33 358
33 368
33 369
33 381
33 383
33 397
33 401
33 405
33 425
33 429
33 445
33 453
33 454
33 455
33 464
33 470
33 471
33 479
33 491
33 492
33 504
33 530
