0 1619
1 1619
1 1620
1 1622
1 1623
1 1624
1 1626
1 1627
1 1629
1 1631
2 1619
2 1621
2 1622
2 1623
2 1625
2 1626
2 1630
2 1631
3 1622
3 1624
3 1629
3 1630
4 1621
4 1623
4 1628
4 1629
5 1620
5 1621
5 1622
5 1623
5 1627
5 1628
5 1630
6 1619
6 1621
6 1622
6 1626
6 1627
6 1631
7 1620
7 1625
7 1626
7 1627
7 1630
7 1631
8 1619
8 1624
8 1625
8 1629
9 1623
9 1628
10 1622
10 1623
10 1628
11 1621
11 1622
11 1626
11 1627
12 1620
12 1621
12 1625
12 1626
12 1628
13 1619
13 1620
13 1625
14 1619
14 1623
14 1624
14 1626
14 1631
15 1621
15 1622
15 1623
15 1625
15 1626
15 1628
15 1630
16 1622
16 1629
17 1619
17 1620
17 1621
17 1623
17 1628
17 1629
18 1619
18 1620
18 1623
18 1627
18 1628
19 1619
19 1626
19 1627
19 1628
19 1630
19 1631
20 1620
20 1621
20 1623
20 1625
20 1626
20 1630
20 1631
21 1619
21 1624
21 1625
21 1626
21 1628
21 1629
21 1630
22 1619
22 1621
22 1623
23 1622
23 1626
23 1627
24 1621
24 1622
24 1624
24 1626
24 1627
24 1629
25 1620
26 1619
26 1624
27 1619
27 1623
27 1624
27 1626
27 1631
28 1619
28 1621
28 1622
28 1623
28 1624
28 1625
28 1628
28 1630
28 1631
29 1622
29 1629
30 1628
30 1629
31 1619
31 1620
31 1622
31 1623
31 1625
31 1627
31 1628
32 1621
32 1626
33 1620
33 1625
33 1626
34 1624
35 1623
35 1628
35 1629
36 1622
36 1623
36 1627
36 1628
36 1629
36 1630
36 1631
37 1619
37 1621
37 1622
37 1626
37 1627
37 1629
38 1620
39 1619
39 1622
39 1625
40 1626
40 1631
41 1625
41 1630
42 1621
42 1624
42 1629
43 1621
43 1623
43 1628
44 1627
44 1628
44 1631
45 1619
45 1621
45 1626
46 1625
47 1624
47 1625
47 1630
48 1623
48 1624
48 1628
48 1631
49 1622
49 1623
49 1628
49 1629
49 1630
50 1621
51 1620
51 1624
51 1627
51 1629
52 1619
52 1620
52 1621
52 1623
52 1624
52 1625
52 1627
52 1630
53 1631
54 1619
54 1620
54 1621
54 1622
54 1623
54 1625
54 1626
54 1630
55 1624
55 1629
56 1620
56 1621
56 1628
56 1629
57 1619
57 1620
57 1627
57 1628
58 1626
59 1625
59 1626
60 1624
60 1625
60 1629
60 1630
61 1619
61 1623
61 1628
62 1622
62 1623
62 1630
63 1621
63 1622
63 1627
63 1629
64 1620
64 1624
64 1628
64 1629
65 1619
66 1621
66 1631
67 1630
67 1631
68 1619
68 1620
68 1621
68 1622
68 1624
68 1625
68 1627
68 1629
69 1620
69 1621
69 1628
69 1629
70 1619
70 1620
70 1627
70 1628
70 1629
70 1631
71 1619
71 1621
71 1622
71 1624
71 1626
71 1627
71 1631
72 1620
72 1623
72 1625
72 1629
73 1620
73 1624
73 1628
74 1619
74 1623
74 1627
75 1622
75 1625
75 1626
75 1627
75 1628
75 1631
76 1619
76 1621
76 1625
76 1630
77 1620
77 1624
77 1629
78 1619
78 1623
78 1628
79 1622
79 1627
79 1631
80 1621
80 1626
80 1630
80 1631
81 1629
81 1630
81 1631
82 1620
82 1621
82 1623
82 1624
82 1626
82 1628
82 1629
83 1619
83 1620
83 1622
83 1627
83 1628
84 1619
84 1621
84 1626
84 1627
84 1629
84 1631
85 1620
85 1623
85 1625
85 1626
86 1624
86 1625
87 1623
87 1624
87 1628
87 1629
88 1622
88 1623
88 1625
88 1627
88 1628
88 1629
88 1630
88 1631
89 1619
89 1621
89 1622
89 1626
90 1620
90 1621
90 1625
90 1626
91 1619
91 1620
91 1621
91 1624
91 1625
91 1626
91 1627
91 1630
92 1619
92 1620
92 1623
92 1624
92 1626
92 1629
92 1631
93 1623
93 1630
93 1631
94 1619
94 1620
94 1621
94 1622
94 1624
94 1625
94 1626
94 1627
94 1629
95 1620
95 1624
95 1628
95 1629
95 1630
96 1627
96 1629
96 1631
97 1619
97 1621
97 1622
97 1623
97 1626
98 1625
98 1626
98 1627
98 1630
98 1631
99 1619
99 1624
99 1625
99 1629
99 1630
100 1623
100 1624
100 1628
101 1622
101 1623
101 1624
101 1630
102 1621
102 1622
102 1623
102 1624
102 1625
102 1626
102 1627
102 1629
102 1630
103 1620
103 1621
103 1625
103 1626
103 1628
103 1631
104 1619
104 1620
104 1624
104 1625
104 1627
105 1619
105 1631
106 1622
106 1630
106 1631
107 1621
107 1629
107 1630
108 1628
108 1630
108 1631
109 1619
109 1620
109 1621
109 1625
109 1627
109 1628
110 1626
110 1627
111 1620
111 1625
111 1626
111 1630
111 1631
112 1619
112 1624
112 1626
113 1623
113 1624
113 1628
113 1629
114 1620
114 1622
114 1623
114 1627
114 1631
115 1621
115 1630
116 1620
116 1621
116 1628
117 1619
117 1620
117 1621
117 1622
117 1623
117 1624
117 1625
117 1626
117 1627
117 1628
117 1629
117 1630
118 1619
118 1621
118 1622
118 1623
118 1624
118 1626
118 1627
118 1629
118 1631
119 1622
119 1626
119 1630
119 1631
120 1619
120 1624
120 1629
120 1630
121 1621
121 1623
121 1624
121 1628
121 1629
121 1630
122 1619
122 1620
122 1621
122 1622
122 1627
123 1619
123 1623
123 1626
123 1627
123 1631
124 1620
124 1621
124 1623
124 1625
124 1630
125 1622
125 1624
125 1629
125 1630
126 1623
126 1624
127 1622
127 1623
128 1621
128 1622
128 1626
128 1629
128 1631
129 1620
129 1621
129 1626
130 1619
130 1620
130 1625
130 1626
130 1627
131 1620
131 1623
131 1624
131 1628
131 1631
132 1630
132 1631
133 1621
133 1622
133 1629
133 1630
133 1631
134 1620
134 1621
134 1628
134 1629
135 1619
135 1620
135 1621
135 1622
135 1627
135 1628
136 1626
137 1625
137 1630
138 1620
138 1624
138 1629
139 1623
139 1624
140 1622
140 1627
140 1631
141 1621
141 1622
141 1624
141 1626
141 1627
141 1628
141 1630
142 1620
143 1619
143 1620
143 1621
143 1624
143 1625
143 1627
143 1630
144 1623
144 1624
144 1631
145 1622
145 1623
145 1625
145 1630
145 1631
146 1621
146 1622
146 1629
146 1630
147 1620
147 1628
148 1619
148 1627
148 1628
149 1619
149 1626
149 1627
149 1631
150 1622
150 1625
150 1626
150 1629
150 1630
150 1631
151 1619
151 1620
151 1624
152 1623
152 1624
153 1622
153 1627
154 1621
154 1622
154 1626
154 1627
155 1620
155 1623
155 1625
155 1626
155 1627
155 1630
155 1631
156 1619
156 1620
156 1624
156 1625
156 1627
157 1619
157 1623
157 1624
157 1626
157 1631
158 1622
158 1623
158 1625
158 1630
158 1631
159 1624
159 1629
159 1630
159 1631
160 1620
160 1621
160 1623
160 1628
160 1629
161 1622
161 1627
161 1628
162 1626
162 1627
162 1631
163 1623
163 1625
163 1630
163 1631
164 1624
164 1625
164 1626
164 1627
164 1628
164 1629
164 1630
164 1631
165 1619
165 1620
165 1621
165 1623
165 1627
165 1628
165 1630
166 1622
166 1623
167 1621
167 1626
167 1627
167 1630
167 1631
168 1620
168 1621
168 1624
168 1625
168 1626
168 1629
169 1619
169 1624
170 1621
170 1622
170 1623
170 1625
170 1629
170 1631
171 1630
171 1631
172 1621
172 1622
172 1624
172 1625
172 1627
172 1629
173 1620
173 1624
173 1628
173 1629
174 1622
174 1627
175 1621
175 1622
175 1626
175 1627
176 1620
176 1621
176 1625
176 1626
176 1627
176 1629
176 1630
176 1631
177 1619
177 1620
177 1621
177 1622
177 1624
177 1625
177 1629
178 1623
178 1624
178 1625
178 1628
178 1629
179 1622
179 1623
179 1624
179 1627
179 1630
179 1631
180 1621
180 1622
180 1623
180 1625
180 1626
180 1627
180 1629
180 1630
181 1620
181 1621
181 1626
181 1628
182 1619
182 1620
182 1624
182 1625
183 1619
183 1623
183 1624
183 1631
184 1622
184 1623
184 1626
184 1630
184 1631
185 1621
185 1622
185 1624
185 1625
185 1629
186 1620
186 1621
186 1623
186 1625
186 1626
186 1628
186 1629
187 1619
187 1625
187 1627
187 1628
188 1619
188 1621
188 1626
188 1631
189 1625
189 1630
189 1631
190 1619
190 1624
190 1625
190 1628
190 1629
190 1630
191 1619
191 1623
191 1624
191 1627
191 1629
191 1631
192 1622
192 1627
192 1631
193 1621
193 1626
193 1630
194 1620
194 1625
194 1629
195 1619
195 1624
195 1628
196 1619
196 1623
196 1624
196 1626
196 1627
196 1631
197 1630
198 1629
198 1630
199 1619
199 1620
199 1621
199 1623
199 1628
199 1629
200 1619
200 1620
200 1622
200 1627
200 1628
200 1631
201 1619
201 1621
201 1626
201 1627
201 1630
201 1631
202 1620
202 1625
202 1626
202 1631
203 1624
203 1625
203 1629
204 1623
204 1624
204 1628
204 1629
205 1620
205 1622
205 1623
205 1627
205 1631
206 1621
206 1622
207 1620
207 1621
207 1625
208 1619
208 1621
208 1625
209 1619
209 1631
210 1621
210 1622
210 1623
210 1625
210 1626
210 1630
211 1629
212 1620
212 1621
212 1628
213 1620
213 1622
213 1627
213 1630
214 1619
214 1624
214 1626
214 1627
214 1630
215 1620
215 1621
215 1625
215 1626
216 1619
216 1624
216 1625
216 1626
216 1627
216 1628
216 1629
216 1630
217 1621
217 1623
217 1624
217 1629
217 1630
218 1622
218 1623
218 1624
218 1627
218 1628
218 1630
219 1621
219 1622
219 1626
219 1627
219 1628
219 1629
220 1620
220 1621
220 1622
220 1623
220 1624
220 1625
220 1626
220 1627
220 1628
220 1629
220 1631
221 1619
221 1620
221 1621
221 1624
221 1625
221 1627
222 1619
222 1626
222 1629
222 1631
223 1619
223 1620
223 1621
223 1622
223 1623
223 1624
223 1625
223 1626
223 1627
223 1628
223 1630
223 1631
224 1619
224 1620
224 1621
224 1622
224 1623
224 1624
224 1625
224 1626
224 1627
224 1629
225 1620
225 1623
225 1628
226 1622
226 1627
226 1628
227 1619
227 1621
227 1626
228 1625
228 1626
228 1630
229 1619
229 1624
229 1625
229 1626
229 1629
229 1630
229 1631
230 1621
230 1623
230 1624
230 1625
230 1626
230 1628
230 1629
230 1630
230 1631
231 1619
231 1620
231 1622
231 1623
231 1628
231 1630
232 1621
232 1622
232 1629
233 1620
233 1624
234 1619
234 1627
235 1624
235 1626
235 1631
236 1622
236 1630
237 1624
237 1629
237 1630
238 1620
238 1622
238 1626
238 1628
238 1629
238 1631
239 1619
239 1621
239 1625
239 1627
240 1626
240 1631
241 1620
241 1625
241 1626
241 1627
241 1629
241 1630
241 1631
242 1619
242 1620
242 1622
242 1624
242 1629
242 1630
243 1623
243 1625
243 1626
243 1628
243 1630
244 1620
244 1622
244 1624
245 1621
245 1622
245 1624
245 1626
245 1627
245 1629
246 1620
246 1621
246 1622
246 1623
246 1625
246 1626
246 1628
246 1631
247 1619
248 1620
248 1625
248 1631
249 1622
249 1623
249 1628
249 1630
249 1631
250 1624
250 1629
250 1630
251 1628
251 1629
252 1622
252 1627
252 1628
252 1629
252 1630
253 1619
253 1620
253 1621
253 1624
253 1626
253 1627
253 1629
253 1631
254 1620
254 1625
254 1626
254 1631
255 1619
255 1624
256 1623
256 1624
256 1626
256 1627
256 1628
256 1629
256 1631
257 1622
257 1623
257 1627
257 1628
257 1630
258 1621
258 1626
258 1627
258 1628
259 1620
259 1621
259 1623
259 1625
259 1626
259 1627
260 1619
261 1620
261 1623
261 1631
262 1619
262 1630
262 1631
263 1624
263 1629
263 1630
264 1621
264 1623
264 1628
264 1629
265 1619
265 1621
265 1622
265 1625
265 1627
265 1628
266 1621
266 1626
266 1627
266 1629
266 1631
267 1619
267 1620
267 1622
267 1623
267 1625
267 1626
267 1628
267 1630
267 1631
268 1619
268 1621
268 1622
268 1624
268 1625
268 1629
269 1621
269 1623
269 1624
269 1627
269 1628
269 1629
270 1620
270 1622
270 1628
271 1621
271 1624
271 1625
271 1626
271 1628
272 1620
272 1623
272 1624
272 1625
272 1627
272 1631
273 1619
273 1621
273 1622
273 1624
273 1627
273 1630
274 1623
274 1629
274 1631
275 1621
275 1622
275 1623
275 1626
275 1630
276 1620
276 1625
276 1629
276 1631
277 1619
277 1620
277 1623
277 1624
277 1628
278 1623
278 1627
279 1621
279 1626
280 1625
280 1627
280 1630
281 1622
281 1624
281 1629
281 1631
282 1621
282 1623
282 1624
282 1628
283 1619
283 1620
283 1622
283 1623
283 1628
283 1629
283 1630
284 1621
284 1622
284 1627
284 1629
285 1620
285 1622
286 1619
286 1624
286 1625
287 1619
287 1626
287 1631
288 1619
288 1623
288 1625
288 1630
289 1627
289 1629
289 1630
290 1619
290 1620
290 1621
290 1624
290 1625
290 1626
290 1628
290 1629
291 1619
291 1620
291 1622
291 1623
291 1627
291 1628
292 1621
292 1626
293 1625
293 1627
293 1630
294 1621
294 1624
294 1625
294 1629
294 1630
294 1631
295 1620
295 1621
295 1623
295 1624
295 1628
295 1629
295 1630
296 1619
296 1620
296 1622
296 1630
297 1621
297 1624
298 1620
299 1619
299 1620
299 1625
299 1627
299 1630
300 1619
300 1620
300 1621
300 1623
300 1624
300 1625
300 1629
300 1631
301 1620
301 1622
301 1623
301 1626
301 1628
301 1630
302 1621
302 1629
302 1631
303 1620
303 1621
303 1624
303 1626
303 1628
303 1631
304 1619
304 1620
304 1627
305 1626
306 1620
306 1625
306 1627
307 1624
307 1625
307 1626
307 1629
307 1630
307 1631
308 1621
308 1623
308 1626
308 1628
309 1622
309 1627
310 1619
310 1621
310 1622
310 1626
310 1627
310 1629
311 1620
311 1626
312 1619
312 1620
312 1624
312 1625
312 1627
312 1630
313 1626
313 1631
314 1622
314 1630
314 1631
315 1624
315 1629
316 1620
316 1628
317 1622
317 1627
317 1628
317 1629
317 1631
318 1619
318 1621
318 1622
318 1626
318 1627
318 1628
318 1630
318 1631
319 1620
319 1625
320 1624
321 1623
322 1622
322 1627
322 1630
323 1621
323 1622
324 1620
324 1621
324 1623
324 1626
324 1627
324 1628
324 1631
325 1619
325 1620
325 1624
326 1619
326 1624
326 1626
326 1631
327 1622
327 1623
327 1624
327 1625
327 1628
327 1630
327 1631
328 1624
328 1629
329 1620
329 1622
329 1624
329 1628
329 1630
329 1631
330 1619
330 1627
330 1628
330 1629
331 1621
331 1626
331 1629
331 1631
332 1619
332 1620
332 1621
332 1623
332 1625
332 1626
332 1630
332 1631
333 1619
333 1624
334 1623
334 1624
334 1625
334 1627
334 1628
334 1629
335 1622
335 1623
335 1625
335 1627
335 1628
336 1619
336 1621
336 1622
336 1624
336 1626
336 1627
337 1620
337 1626
337 1628
338 1619
338 1620
339 1631
340 1623
340 1630
341 1624
341 1625
341 1629
341 1630
342 1620
342 1621
342 1626
342 1628
342 1629
342 1631
343 1619
343 1620
343 1621
343 1625
343 1627
343 1630
344 1619
344 1626
344 1629
345 1625
345 1627
345 1630
345 1631
346 1624
346 1626
347 1623
347 1624
347 1625
347 1628
347 1630
347 1631
348 1620
348 1622
348 1627
348 1628
349 1621
349 1627
350 1620
350 1622
350 1626
351 1619
352 1620
352 1621
352 1623
352 1629
352 1631
353 1625
353 1630
354 1629
354 1631
355 1628
355 1630
356 1627
356 1629
357 1626
357 1627
358 1625
359 1619
359 1624
360 1623
360 1631
361 1622
361 1625
361 1630
362 1621
362 1629
363 1620
364 1619
364 1620
364 1627
365 1626
365 1631
366 1630
367 1629
368 1620
368 1628
369 1627
369 1628
369 1630
370 1621
370 1626
371 1625
372 1619
372 1624
373 1623
373 1629
374 1622
375 1621
375 1623
375 1624
375 1626
376 1620
376 1622
376 1623
376 1625
376 1631
377 1619
377 1623
378 1631
379 1619
379 1622
379 1623
379 1625
379 1630
379 1631
380 1621
380 1622
380 1624
380 1626
380 1629
380 1630
381 1628
382 1620
382 1627
383 1619
383 1621
383 1626
383 1627
383 1629
384 1620
384 1625
385 1624
385 1625
385 1629
386 1620
386 1621
386 1623
386 1624
386 1628
387 1619
387 1622
387 1627
387 1629
387 1630
388 1621
388 1626
388 1627
388 1629
389 1620
390 1619
390 1620
390 1621
390 1623
390 1624
390 1625
390 1627
391 1626
391 1631
392 1619
392 1630
393 1629
393 1630
394 1620
394 1625
394 1628
394 1629
395 1619
395 1624
395 1627
396 1626
396 1627
397 1620
397 1625
397 1630
397 1631
398 1624
399 1623
399 1625
399 1628
399 1629
400 1622
401 1621
401 1628
402 1620
402 1628
403 1619
403 1627
404 1626
404 1631
405 1622
405 1625
405 1630
406 1627
406 1629
407 1628
408 1627
408 1629
409 1620
409 1624
409 1626
409 1628
409 1631
410 1619
410 1623
410 1625
410 1627
410 1630
410 1631
411 1624
411 1626
412 1623
412 1631
413 1622
413 1627
413 1630
414 1621
414 1630
415 1620
415 1624
415 1627
415 1628
415 1629
416 1620
416 1624
416 1630
417 1619
417 1626
418 1631
419 1621
419 1622
419 1623
419 1630
420 1621
420 1629
421 1628
422 1627
422 1631
423 1620
423 1626
424 1625
424 1630
425 1621
425 1624
425 1628
425 1629
425 1631
426 1623
426 1627
426 1628
426 1631
427 1622
427 1626
427 1630
428 1621
428 1628
429 1620
430 1619
431 1631
432 1622
432 1630
433 1621
433 1624
433 1629
434 1628
435 1621
435 1627
436 1626
437 1625
438 1624
439 1623
439 1625
439 1627
440 1619
440 1622
441 1621
442 1620
443 1619
443 1624
444 1622
444 1625
444 1631
445 1630
446 1629
447 1628
448 1627
449 1619
449 1623
449 1626
449 1631
450 1622
450 1625
451 1621
451 1624
451 1630
452 1620
452 1623
453 1619
453 1622
453 1627
453 1629
454 1621
455 1620
456 1619
457 1622
457 1627
457 1628
457 1631
458 1621
458 1622
458 1625
458 1627
458 1630
459 1629
460 1620
460 1623
460 1628
461 1619
461 1622
461 1627
462 1621
462 1626
462 1630
462 1631
463 1625
464 1624
464 1629
465 1623
466 1622
467 1621
468 1620
468 1625
468 1628
468 1629
468 1630
469 1619
470 1622
470 1623
470 1631
471 1630
472 1629
473 1619
473 1620
473 1622
473 1625
473 1628
474 1627
475 1626
475 1628
475 1630
476 1625
477 1624
478 1623
478 1627
479 1622
479 1626
479 1629
480 1621
480 1626
481 1621
482 1620
483 1619
484 1631
485 1630
486 1629
487 1628
488 1627
488 1631
489 1626
490 1625
490 1628
491 1620
491 1624
491 1628
492 1619
492 1623
493 1622
494 1621
494 1624
494 1625
495 1620
496 1619
497 1620
497 1621
497 1622
497 1626
497 1631
498 1619
498 1624
498 1630
499 1623
499 1629
499 1631
500 1619
500 1628
501 1627
502 1620
502 1626
502 1628
502 1629
503 1620
503 1625
503 1627
503 1629
503 1630
504 1619
504 1624
504 1626
504 1628
504 1629
505 1623
505 1625
505 1631
506 1622
506 1623
506 1624
506 1630
507 1621
507 1625
507 1629
508 1620
508 1624
508 1628
509 1619
510 1631
511 1625
511 1630
512 1629
513 1622
513 1628
514 1627
514 1629
514 1630
514 1631
515 1626
515 1628
515 1631
516 1620
516 1625
517 1624
517 1626
517 1627
518 1623
518 1626
519 1622
520 1621
520 1624
520 1626
521 1620
521 1622
521 1623
521 1625
522 1619
522 1621
522 1623
522 1627
523 1620
523 1622
523 1631
524 1621
524 1630
524 1631
525 1619
525 1622
525 1623
525 1624
525 1629
525 1630
525 1631
526 1620
526 1621
526 1623
526 1628
527 1627
527 1630
528 1626
529 1619
529 1625
530 1624
530 1626
531 1623
532 1622
533 1621
533 1629
534 1620
535 1620
535 1625
536 1619
536 1621
537 1619
537 1623
537 1631
538 1630
538 1631
539 1621
539 1622
539 1623
539 1629
540 1628
541 1619
541 1627
542 1626
542 1627
542 1628
542 1631
543 1625
543 1630
544 1624
544 1629
545 1623
545 1624
545 1626
546 1622
546 1623
546 1624
546 1627
547 1621
548 1620
548 1622
549 1619
549 1621
549 1624
550 1623
550 1631
551 1619
551 1622
551 1630
551 1631
552 1621
552 1623
552 1629
553 1628
554 1619
554 1627
555 1626
555 1628
555 1631
556 1625
556 1627
556 1630
557 1624
557 1629
558 1623
558 1628
559 1622
559 1624
560 1621
560 1623
560 1626
561 1620
561 1625
562 1619
562 1624
563 1623
563 1631
564 1622
564 1630
564 1631
565 1621
565 1629
566 1620
566 1628
566 1630
567 1619
567 1627
568 1626
568 1631
569 1625
569 1626
570 1624
570 1629
571 1623
571 1628
572 1622
572 1623
572 1626
573 1621
573 1622
573 1623
573 1624
573 1628
574 1620
574 1621
574 1622
574 1625
574 1627
575 1619
576 1631
577 1630
577 1631
578 1621
578 1629
579 1628
580 1627
580 1628
581 1626
581 1631
582 1625
582 1630
583 1624
583 1629
584 1623
584 1624
584 1625
584 1628
585 1622
585 1627
586 1621
586 1626
587 1620
587 1625
588 1619
588 1624
589 1619
589 1622
589 1623
589 1631
590 1619
590 1622
590 1630
590 1631
591 1621
591 1629
591 1630
592 1620
592 1628
593 1627
593 1628
593 1629
593 1631
594 1620
594 1626
594 1630
594 1631
595 1625
595 1630
596 1624
596 1629
597 1623
597 1624
597 1628
598 1622
598 1623
598 1627
599 1621
600 1620
601 1619
602 1619
602 1623
602 1631
603 1622
603 1624
603 1630
604 1629
605 1628
606 1627
607 1626
607 1631
608 1625
609 1624
609 1625
609 1629
610 1623
610 1624
610 1625
610 1626
610 1627
610 1628
610 1630
611 1622
611 1623
611 1624
611 1625
611 1626
611 1627
612 1621
612 1626
613 1620
614 1619
614 1624
615 1620
615 1625
615 1631
616 1630
617 1621
617 1629
618 1620
618 1628
618 1629
619 1619
619 1621
619 1627
619 1628
620 1620
620 1626
620 1627
620 1631
621 1625
621 1630
622 1624
622 1629
623 1623
623 1628
624 1622
625 1621
626 1620
627 1619
627 1624
628 1623
628 1631
629 1619
629 1622
629 1630
630 1629
631 1628
632 1627
632 1628
632 1631
633 1620
633 1626
633 1631
634 1625
634 1627
635 1624
635 1626
636 1623
636 1624
636 1628
637 1622
637 1623
637 1627
638 1621
638 1622
638 1623
639 1620
639 1625
640 1619
641 1631
642 1622
642 1630
643 1621
643 1629
644 1620
644 1628
645 1627
646 1626
646 1631
647 1625
647 1630
648 1624
648 1626
649 1623
649 1628
650 1622
650 1629
651 1621
651 1626
652 1620
653 1619
653 1626
654 1621
654 1622
654 1631
655 1622
655 1630
656 1621
656 1629
656 1630
657 1622
657 1628
657 1629
658 1621
658 1627
659 1626
659 1627
660 1625
660 1626
661 1624
662 1623
662 1624
662 1628
663 1622
663 1627
664 1621
664 1626
665 1620
665 1625
666 1619
666 1622
666 1624
667 1623
667 1631
668 1619
668 1621
668 1622
668 1630
669 1629
670 1628
670 1629
671 1627
671 1628
672 1626
672 1628
673 1625
674 1625
675 1624
676 1623
676 1626
676 1627
677 1622
677 1623
678 1621
679 1620
679 1622
680 1619
681 1631
682 1630
683 1629
684 1628
685 1620
685 1627
685 1628
685 1630
686 1619
686 1626
687 1625
688 1624
688 1626
688 1627
688 1628
688 1630
689 1623
690 1622
690 1623
690 1628
691 1621
692 1620
692 1625
693 1619
694 1631
695 1630
696 1629
696 1630
697 1621
697 1628
697 1629
698 1627
699 1626
699 1627
699 1630
700 1625
700 1630
701 1624
702 1623
703 1622
704 1621
704 1622
705 1620
706 1619
707 1631
708 1630
708 1631
709 1629
709 1630
710 1628
711 1627
712 1626
713 1625
714 1624
715 1623
716 1622
717 1621
717 1622
718 1620
718 1621
719 1619
719 1625
720 1631
721 1630
722 1629
723 1628
724 1627
724 1628
725 1626
726 1625
727 1624
727 1630
728 1623
728 1624
728 1629
729 1622
730 1621
731 1620
732 1619
732 1620
733 1631
734 1623
734 1630
735 1629
735 1630
736 1621
736 1628
737 1627
737 1629
738 1619
738 1626
739 1625
740 1624
740 1625
741 1623
742 1622
743 1621
744 1620
745 1619
745 1620
745 1623
746 1619
746 1631
747 1630
748 1629
749 1628
750 1627
751 1626
751 1627
752 1625
752 1626
753 1624
754 1623
754 1624
755 1622
755 1626
756 1621
756 1622
757 1620
757 1626
758 1619
759 1631
760 1630
760 1631
761 1629
762 1628
763 1627
763 1628
764 1626
765 1625
766 1624
767 1623
767 1625
767 1626
767 1629
768 1622
769 1621
769 1627
770 1620
771 1619
771 1625
772 1631
773 1630
774 1629
774 1630
775 1619
775 1621
775 1628
776 1627
776 1628
777 1619
777 1626
778 1625
779 1624
780 1623
781 1622
782 1621
783 1620
784 1619
785 1619
785 1620
785 1631
786 1621
786 1630
787 1629
788 1628
789 1627
790 1626
791 1625
792 1624
792 1626
792 1627
793 1623
794 1622
795 1621
796 1620
797 1619
798 1631
799 1630
800 1622
800 1629
801 1628
801 1629
801 1631
802 1620
802 1627
803 1626
804 1625
804 1631
805 1624
806 1623
806 1625
807 1622
808 1621
809 1620
810 1619
810 1623
810 1625
811 1619
811 1631
812 1630
812 1631
813 1629
814 1628
814 1629
815 1627
816 1626
817 1625
818 1624
819 1623
820 1622
821 1621
821 1624
821 1627
822 1620
822 1621
822 1622
822 1626
823 1619
823 1620
823 1621
823 1625
824 1619
824 1624
824 1631
825 1630
826 1620
826 1622
826 1629
827 1621
827 1628
828 1627
829 1626
830 1625
831 1624
831 1628
832 1623
832 1627
833 1622
834 1621
835 1620
836 1619
837 1622
837 1624
837 1631
838 1630
839 1629
840 1628
841 1627
841 1631
842 1626
843 1625
844 1624
845 1623
845 1624
846 1622
847 1621
848 1620
849 1619
849 1623
850 1631
851 1630
852 1629
853 1628
854 1627
854 1628
855 1619
855 1626
856 1625
856 1626
856 1627
856 1629
857 1624
858 1623
858 1625
858 1629
859 1622
859 1624
860 1621
861 1620
862 1619
863 1619
863 1631
864 1620
864 1622
864 1630
865 1629
866 1628
866 1629
867 1627
867 1628
867 1630
868 1626
869 1625
870 1624
870 1626
870 1630
871 1623
872 1622
873 1621
874 1620
875 1619
876 1619
876 1624
876 1631
877 1621
877 1630
878 1629
878 1631
879 1628
879 1630
880 1627
881 1619
881 1626
881 1627
882 1625
883 1624
884 1623
885 1622
886 1621
886 1622
886 1625
887 1620
888 1619
889 1619
889 1621
889 1631
890 1630
891 1629
892 1628
893 1627
894 1626
895 1625
896 1624
897 1623
898 1622
898 1624
898 1628
899 1621
900 1620
901 1619
901 1623
902 1631
903 1621
903 1630
903 1631
904 1629
904 1630
905 1628
906 1627
907 1626
908 1625
909 1624
909 1630
910 1623
911 1622
912 1621
913 1620
914 1619
915 1631
916 1630
916 1631
917 1629
917 1630
918 1628
919 1627
920 1626
921 1625
921 1627
921 1631
922 1624
923 1623
923 1627
924 1622
925 1621
926 1620
927 1619
927 1621
927 1625
928 1631
929 1630
929 1631
930 1619
930 1622
930 1629
931 1621
931 1628
931 1629
932 1627
933 1626
933 1630
934 1625
935 1624
936 1623
937 1622
937 1623
937 1625
937 1626
938 1621
939 1620
940 1619
940 1620
941 1631
942 1630
942 1631
943 1629
944 1628
944 1631
945 1620
945 1627
945 1630
946 1619
946 1626
946 1627
946 1629
947 1625
948 1624
949 1623
950 1622
951 1621
951 1627
952 1620
953 1619
954 1631
955 1630
956 1629
957 1628
958 1627
959 1619
959 1626
960 1625
960 1631
961 1624
962 1623
963 1622
963 1628
964 1621
965 1620
966 1619
967 1631
968 1630
968 1631
969 1629
970 1621
970 1628
971 1627
972 1626
973 1625
973 1626
973 1631
974 1624
974 1630
975 1623
976 1622
976 1624
976 1625
976 1628
977 1621
978 1620
979 1619
979 1625
980 1619
980 1624
980 1631
981 1630
982 1622
982 1629
983 1628
983 1629
984 1627
985 1626
986 1625
987 1624
987 1630
988 1623
988 1624
988 1625
988 1629
989 1622
989 1628
990 1621
991 1620
991 1621
992 1619
992 1620
992 1625
993 1621
993 1631
994 1621
994 1630
995 1622
995 1629
995 1631
996 1619
996 1621
996 1628
997 1627
998 1626
999 1625
1000 1624
1001 1623
1002 1622
1003 1621
1004 1620
1005 1619
1006 1631
1007 1630
1008 1629
1009 1628
1010 1620
1010 1627
1011 1626
1012 1625
1013 1624
1013 1625
1014 1623
1015 1622
1016 1621
1017 1620
1018 1619
1018 1625
1019 1631
1020 1630
1021 1629
1022 1628
1023 1620
1023 1627
1024 1619
1024 1626
1025 1625
1025 1631
1026 1624
1026 1630
1027 1623
1028 1622
1029 1621
1030 1620
1030 1624
1031 1619
1032 1631
1033 1630
1034 1620
1034 1629
1034 1630
1035 1619
1035 1628
1036 1627
1036 1628
1037 1619
1037 1626
1038 1625
1038 1629
1039 1624
1039 1630
1040 1623
1041 1622
1042 1621
1043 1620
1044 1619
1045 1631
1046 1630
1046 1631
1047 1620
1047 1629
1048 1628
1049 1627
1050 1626
1051 1625
1051 1631
1052 1624
1053 1623
1054 1622
1054 1628
1055 1621
1055 1627
1056 1620
1056 1624
1057 1619
1058 1631
1059 1630
1060 1629
1061 1628
1062 1627
1063 1626
1063 1630
1064 1625
1064 1631
1065 1624
1065 1630
1066 1623
1067 1622
1067 1628
1068 1621
1069 1620
1069 1626
1070 1619
1070 1625
1071 1631
1072 1630
1073 1629
1074 1621
1074 1628
1075 1627
1075 1628
1076 1626
1077 1625
1077 1631
1078 1624
1079 1623
1080 1622
1081 1621
1081 1627
1082 1620
1082 1626
1083 1619
1083 1625
1084 1631
1085 1630
1086 1629
1086 1631
1087 1628
1088 1627
1089 1626
1090 1625
1091 1624
1092 1623
1093 1622
1094 1621
1095 1620
1096 1619
1097 1631
1098 1630
1099 1629
1100 1628
1101 1627
1101 1629
1101 1630
1102 1626
1102 1627
1102 1631
1103 1625
1104 1624
1105 1623
1106 1622
1107 1621
1107 1624
1108 1620
1109 1619
1110 1631
1111 1619
1111 1630
1112 1629
1113 1628
1114 1627
1115 1626
1116 1625
1117 1624
1118 1623
1119 1622
1120 1621
1121 1620
1122 1619
1122 1622
1123 1631
1124 1630
1125 1629
1126 1628
1127 1627
1128 1626
1129 1625
1130 1624
1130 1626
1131 1623
1132 1622
1133 1621
1134 1620
1135 1619
1136 1621
1136 1631
1137 1630
1138 1629
1139 1628
1140 1627
1141 1626
1142 1625
1143 1624
1144 1623
1144 1626
1145 1622
1145 1623
1146 1621
1147 1620
1148 1619
1149 1631
1150 1622
1150 1630
1151 1629
1152 1628
1152 1629
1153 1619
1153 1627
1154 1626
1154 1628
1155 1625
1156 1624
1157 1623
1158 1622
1159 1621
1160 1620
1161 1619
1162 1623
1162 1631
1163 1630
1164 1629
1165 1628
1166 1627
1167 1626
1168 1625
1169 1624
1170 1623
1171 1622
1172 1621
1173 1620
1174 1619
1175 1619
1175 1620
1175 1622
1175 1623
1175 1631
1176 1630
1177 1629
1178 1628
1179 1627
1180 1626
1181 1625
1182 1624
1183 1623
1184 1622
1185 1621
1186 1620
1186 1621
1187 1619
1188 1631
1189 1620
1189 1630
1190 1629
1190 1631
1191 1620
1191 1628
1192 1619
1192 1627
1193 1626
1194 1625
1195 1624
1196 1623
1197 1622
1198 1621
1199 1620
1200 1619
1201 1631
1202 1619
1202 1630
1202 1631
1203 1629
1204 1628
1205 1627
1206 1626
1207 1625
1208 1624
1209 1623
1210 1622
1211 1621
1212 1621
1213 1620
1214 1619
1215 1631
1216 1630
1217 1629
1218 1628
1219 1627
1220 1626
1221 1625
1221 1629
1222 1624
1223 1623
1224 1622
1225 1621
1226 1620
1226 1624
1227 1619
1228 1631
1229 1630
1230 1629
1231 1628
1232 1627
1233 1626
1234 1625
1235 1624
1236 1623
1237 1622
1237 1626
1238 1621
1239 1620
1240 1619
1241 1622
1241 1631
1242 1630
1243 1629
1244 1628
1245 1627
1246 1626
1247 1625
1247 1629
1248 1624
1249 1623
1250 1622
1251 1621
1251 1625
1252 1620
1253 1619
1254 1631
1255 1630
1256 1620
1256 1629
1257 1619
1257 1628
1258 1627
1259 1626
1260 1625
1261 1624
1262 1623
1263 1622
1264 1621
1265 1620
1266 1619
1267 1631
1268 1630
1269 1629
1270 1628
1271 1627
1272 1626
1273 1625
1273 1629
1274 1624
1275 1623
1276 1622
1276 1624
1277 1621
1278 1620
1279 1619
1280 1631
1281 1630
1282 1629
1283 1628
1284 1627
1285 1626
1286 1625
1287 1624
1287 1628
1288 1623
1289 1622
1290 1621
1291 1620
1292 1619
1293 1631
1294 1630
1295 1629
1296 1628
1297 1627
1298 1626
1299 1625
1299 1629
1300 1624
1301 1623
1301 1627
1302 1622
1303 1621
1304 1620
1304 1621
1305 1619
1306 1631
1307 1630
1308 1629
1309 1628
1310 1627
1311 1626
1311 1630
1312 1625
1313 1624
1314 1623
1315 1623
1316 1622
1317 1621
1318 1620
1319 1619
1320 1631
1321 1630
1322 1629
1323 1628
1324 1627
1325 1626
1326 1625
1327 1624
1328 1623
1329 1622
1330 1621
1331 1620
1332 1619
1333 1631
1334 1630
1335 1629
1336 1628
1336 1631
1337 1627
1338 1626
1339 1625
1340 1624
1341 1623
1342 1622
1343 1621
1344 1620
1345 1619
1346 1631
1347 1630
1348 1629
1349 1628
1350 1627
1351 1626
1352 1625
1352 1628
1353 1624
1354 1623
1355 1622
1356 1621
1357 1620
1357 1621
1358 1619
1358 1622
1359 1631
1360 1630
1361 1629
1362 1628
1363 1627
1364 1626
1365 1625
1366 1624
1367 1623
1368 1622
1369 1621
1370 1620
1371 1619
1372 1631
1373 1630
1374 1629
1375 1628
1376 1627
1377 1626
1378 1625
1379 1624
1379 1627
1380 1623
1381 1622
1382 1621
1382 1622
1383 1620
1383 1622
1384 1619
1385 1631
1386 1630
1387 1629
1388 1628
1389 1627
1390 1626
1391 1625
1392 1625
1393 1624
1394 1623
1395 1622
1396 1621
1397 1620
1398 1619
1399 1631
1400 1630
1401 1629
1402 1628
1403 1627
1404 1626
1405 1625
1406 1624
1407 1623
1408 1622
1409 1621
1410 1620
1411 1619
1412 1631
1413 1630
1414 1629
1415 1628
1416 1627
1417 1626
1418 1625
1419 1624
1420 1623
1421 1622
1422 1621
1423 1620
1424 1619
1425 1631
1426 1630
1427 1629
1428 1628
1429 1627
1430 1626
1431 1625
1432 1624
1433 1623
1434 1622
1435 1621
1436 1620
1437 1619
1438 1631
1439 1630
1440 1629
1441 1628
1442 1627
1443 1626
1444 1625
1445 1624
1446 1623
1447 1622
1448 1621
1449 1620
1450 1619
1451 1631
1452 1630
1453 1629
1454 1628
1455 1627
1456 1626
1457 1625
1458 1624
1459 1623
1460 1622
1461 1621
1462 1620
1463 1619
1464 1631
1465 1630
1466 1629
1467 1628
1468 1627
1469 1626
1470 1625
1471 1624
1472 1623
1473 1622
1474 1621
1475 1620
1476 1619
1477 1631
1478 1630
1479 1629
1480 1628
1481 1627
1482 1626
1483 1625
1484 1624
1485 1623
1486 1622
1487 1621
1488 1620
1489 1619
1490 1631
1491 1630
1492 1629
1493 1628
1494 1627
1495 1626
1496 1625
1497 1624
1498 1623
1499 1622
1500 1621
1501 1620
1502 1619
1503 1631
1504 1630
1505 1629
1506 1628
1507 1627
1508 1626
1509 1625
1510 1624
1511 1623
1512 1622
1513 1621
1513 1623
1514 1620
1515 1619
1516 1631
1517 1630
1518 1629
1519 1628
1520 1628
1521 1627
1522 1626
1523 1625
1524 1624
1525 1623
1526 1622
1527 1621
1528 1620
1529 1619
1530 1631
1531 1630
1532 1629
1533 1628
1534 1627
1535 1626
1536 1625
1537 1624
1538 1623
1539 1622
1540 1621
1540 1622
1541 1620
1541 1621
1542 1619
1543 1631
1544 1630
1545 1629
1546 1628
1547 1627
1548 1626
1549 1625
1550 1624
1551 1623
1552 1622
1553 1621
1554 1620
1555 1619
1556 1631
1557 1630
1558 1629
1559 1628
1560 1627
1561 1626
1562 1625
1563 1624
1564 1623
1565 1622
1566 1621
1567 1620
1568 1619
1569 1631
1570 1630
1571 1629
1572 1628
1573 1627
1574 1626
1575 1625
1576 1624
1577 1623
1578 1622
1579 1621
1580 1620
1581 1619
1582 1631
1583 1630
1584 1629
1585 1628
1586 1627
1587 1626
1588 1625
1589 1624
1590 1623
1591 1622
1592 1621
1593 1620
1594 1619
1595 1631
1596 1630
1597 1629
1598 1628
1599 1627
1600 1626
1601 1625
1602 1624
1603 1623
1604 1622
1605 1621
1606 1620
1607 1619
1608 1631
1609 1630
1610 1629
1611 1628
1612 1627
1613 1626
1614 1625
1615 1624
1616 1623
1617 1622
1618 1621
