0 500
0 503
0 504
0 507
0 517
1 518
2 517
3 501
3 516
3 517
4 515
4 516
4 517
4 518
5 501
5 504
5 505
5 506
5 508
5 509
5 514
6 513
7 512
8 511
8 512
9 510
10 509
10 510
10 511
10 512
10 518
11 500
11 502
11 503
11 508
11 509
11 510
11 511
11 517
11 518
12 501
12 502
12 507
13 506
14 505
15 504
16 503
17 502
18 501
18 502
18 503
18 504
18 505
18 507
18 508
18 509
18 510
18 511
18 512
18 514
18 515
18 516
18 518
19 500
19 501
19 503
19 504
19 507
20 502
20 507
20 518
21 517
21 518
22 500
22 501
22 516
22 517
22 518
23 505
23 506
23 507
23 509
23 510
23 515
24 514
24 517
25 500
25 513
25 516
26 507
26 512
27 511
28 510
29 509
29 517
30 508
30 509
30 511
31 507
32 506
33 505
33 508
33 510
33 514
33 515
33 516
33 517
34 504
34 507
35 503
35 504
35 505
35 506
35 512
35 513
35 514
35 516
35 517
36 502
36 503
36 504
36 505
36 511
36 512
36 513
36 515
36 516
36 518
37 501
37 502
37 503
37 504
37 510
37 511
37 512
37 513
37 514
37 515
38 500
38 501
38 502
38 503
38 509
38 510
38 511
38 512
38 513
38 514
39 500
39 501
39 502
39 504
39 508
39 509
39 510
39 511
39 512
39 513
39 518
40 500
40 501
40 507
40 508
40 509
40 511
40 512
40 517
40 518
41 500
41 506
41 507
41 508
41 510
41 511
41 516
41 517
41 518
42 505
42 506
42 507
42 509
42 510
42 515
42 516
42 517
42 518
43 504
43 505
43 506
43 508
43 509
43 514
43 515
43 516
43 517
43 518
44 503
44 504
44 505
44 507
44 508
44 513
44 514
44 515
44 516
44 518
45 502
45 503
45 504
45 505
45 506
45 507
45 512
45 513
45 514
45 515
45 516
46 501
46 502
46 503
46 505
46 506
46 511
46 512
46 513
46 514
47 500
47 501
47 502
47 504
47 505
47 510
47 511
47 512
47 513
48 500
48 501
48 503
48 504
48 509
48 510
48 511
48 512
48 513
48 516
48 518
49 500
49 502
49 503
49 508
49 509
49 510
49 511
49 512
49 515
49 517
49 518
50 501
50 502
50 507
50 508
50 509
50 510
50 511
50 512
50 516
50 517
50 518
51 500
51 501
51 506
51 507
51 508
51 509
51 511
51 515
51 516
51 517
51 518
52 500
52 505
52 506
52 507
52 508
52 514
52 515
52 516
52 518
53 504
53 505
53 506
53 507
53 513
53 514
53 515
53 517
53 518
54 503
54 504
54 505
54 506
54 512
54 513
54 514
54 516
54 517
55 502
55 503
55 504
55 505
55 506
55 507
55 509
55 511
55 512
55 513
55 514
55 515
55 516
56 501
56 502
56 503
56 504
56 510
56 511
56 512
56 514
56 515
57 500
58 500
58 501
58 502
58 508
58 509
58 510
58 512
58 513
58 518
59 500
59 501
59 507
59 508
59 509
59 511
59 512
59 517
59 518
60 500
60 506
60 507
60 508
60 510
60 511
60 516
60 517
60 518
61 505
61 506
61 507
61 509
61 510
61 515
61 516
61 517
61 518
62 504
62 505
62 506
62 508
62 509
62 514
62 515
62 516
62 517
62 518
63 503
63 504
63 505
63 507
63 508
63 513
63 514
63 515
63 516
64 502
64 503
64 504
64 506
64 507
64 512
64 513
64 514
64 515
65 501
65 502
65 503
65 505
65 506
65 511
65 512
65 513
65 514
66 500
66 501
66 502
66 504
66 505
66 510
66 511
66 512
66 513
67 500
67 501
67 503
67 504
67 509
67 510
67 511
67 512
67 518
68 500
68 502
68 503
68 508
68 509
68 510
68 511
68 513
68 517
68 518
69 500
69 501
69 502
69 507
69 508
69 510
69 517
70 506
70 507
70 508
70 509
70 515
70 516
70 517
71 500
71 505
71 506
71 507
71 508
71 514
71 515
71 516
71 518
72 504
72 505
72 506
72 507
72 513
72 514
72 515
72 517
72 518
73 503
73 506
73 507
73 510
73 514
73 515
73 516
74 502
74 503
74 504
74 505
74 507
74 511
74 512
74 513
74 514
74 515
74 516
75 501
75 502
75 503
75 504
75 510
75 511
75 512
75 514
75 515
76 500
76 501
76 502
76 503
76 509
76 510
76 511
76 513
76 514
77 500
77 501
77 502
77 503
77 505
77 506
77 507
77 508
77 509
77 510
77 512
77 513
77 514
77 518
78 500
78 501
78 507
78 508
78 509
78 511
78 512
78 517
78 518
79 500
79 506
79 507
79 508
79 510
79 511
79 516
79 517
79 518
80 505
80 506
80 507
80 509
80 510
80 515
80 516
80 517
80 518
81 500
81 504
81 505
81 506
81 507
81 508
81 509
81 514
81 515
81 516
81 517
82 503
82 504
82 505
82 507
82 508
82 513
82 514
82 515
82 516
83 502
83 503
83 504
83 506
83 507
83 512
83 513
83 514
83 515
83 517
84 501
84 502
84 503
84 504
84 505
84 506
84 511
85 510
85 511
85 512
85 513
86 500
86 501
86 503
86 504
86 509
86 510
86 511
86 512
86 513
86 514
86 515
86 516
86 517
86 518
87 500
87 501
87 502
87 503
87 504
87 505
87 506
87 508
88 507
88 508
88 509
88 510
88 516
88 517
88 518
89 500
89 501
89 506
89 507
89 508
89 509
89 511
89 515
89 516
89 517
89 518
90 500
90 505
90 506
90 507
90 508
90 514
90 515
90 516
90 518
91 504
91 505
91 506
91 507
91 513
91 514
91 515
91 517
91 518
92 503
92 504
92 505
92 506
92 512
92 513
92 514
92 516
92 517
93 502
93 503
93 504
93 505
93 511
93 512
93 513
93 515
93 516
94 501
94 502
94 503
94 504
94 510
94 511
94 512
94 514
94 515
95 500
95 501
95 502
95 503
95 509
95 510
95 511
95 513
95 514
96 500
96 501
96 502
96 508
96 509
96 510
96 512
96 513
96 518
97 502
97 504
97 509
97 515
97 517
97 518
98 500
98 506
98 507
98 508
98 510
98 511
98 516
98 517
98 518
99 505
99 506
99 507
99 509
99 510
99 515
99 516
99 517
99 518
100 500
100 504
100 505
100 506
100 507
100 508
100 509
100 514
100 515
100 516
100 517
101 503
101 504
101 505
101 507
101 508
101 513
101 514
101 515
101 516
102 502
102 503
102 504
102 506
102 507
102 512
102 513
102 514
102 515
102 516
103 501
103 502
103 503
103 505
103 506
103 511
103 512
103 513
103 514
104 500
104 501
104 502
104 504
104 505
104 510
104 513
105 509
105 510
105 511
105 512
105 518
106 500
106 502
106 503
106 508
106 509
106 510
106 511
106 517
106 518
107 501
107 502
107 507
107 508
107 509
107 510
107 511
107 516
107 517
107 518
108 500
108 501
108 506
108 507
108 508
108 509
108 515
108 516
108 517
109 500
109 505
109 506
109 507
109 508
109 514
109 515
109 516
109 518
110 504
110 505
110 506
110 507
110 513
110 514
110 515
110 517
110 518
111 503
111 504
111 505
111 506
111 508
111 512
111 513
111 514
111 515
111 516
111 517
112 502
112 503
112 504
112 505
112 507
112 511
112 512
112 513
112 514
112 515
112 516
113 501
113 502
113 503
113 504
113 510
113 511
113 512
113 514
113 515
114 500
114 501
114 502
114 503
114 509
114 510
114 511
114 513
114 514
115 500
115 501
115 502
115 508
115 509
115 510
115 512
115 513
115 518
116 500
116 501
116 507
116 508
116 509
116 511
116 512
116 517
117 516
117 517
117 518
118 505
118 506
118 507
118 509
118 510
118 516
119 515
120 514
121 513
122 512
122 514
122 515
122 516
123 503
123 511
124 510
125 509
126 508
127 507
128 506
129 505
129 507
129 508
129 509
129 511
129 515
129 516
129 517
130 504
130 506
130 507
130 508
130 514
130 515
130 516
131 503
131 505
131 506
132 502
132 505
132 508
133 501
133 502
133 504
133 505
133 507
133 512
134 500
134 501
134 503
134 504
134 506
134 511
135 518
136 517
137 500
137 504
137 516
138 515
139 515
139 517
140 515
141 514
142 513
143 512
144 511
145 510
146 509
147 508
148 507
149 506
150 505
151 504
152 503
153 502
154 501
155 500
156 500
156 503
156 518
157 508
157 517
158 516
159 515
160 514
161 513
162 512
163 511
164 510
165 509
166 500
166 508
167 507
168 506
169 505
170 504
170 505
171 503
172 502
172 504
172 505
172 506
172 509
172 511
172 512
172 513
173 501
173 508
174 500
175 507
175 509
175 518
176 517
177 507
177 516
178 515
179 503
179 505
179 514
180 513
181 503
181 512
182 501
182 502
182 511
183 501
183 510
183 511
183 512
183 515
183 516
184 509
184 511
184 514
184 515
184 518
185 508
186 507
187 506
188 505
188 506
189 504
190 503
191 502
192 501
192 502
192 511
193 500
193 501
193 510
194 518
195 517
195 518
196 507
196 516
197 515
198 514
198 516
198 518
199 503
199 504
199 513
200 503
200 512
201 511
202 510
203 509
203 517
204 508
204 516
205 507
206 506
207 505
208 504
208 506
208 513
209 503
209 504
209 507
209 508
209 513
209 516
210 502
211 501
212 500
212 501
213 518
214 517
215 505
215 516
216 515
217 514
218 513
219 501
219 512
220 511
221 510
222 509
223 508
223 518
224 507
224 508
225 506
226 505
226 515
227 504
228 503
229 502
230 501
231 500
231 501
231 502
231 507
231 509
232 518
233 508
233 517
234 507
234 516
235 515
236 514
237 503
237 513
238 512
239 500
239 511
240 510
241 509
242 508
243 507
244 506
245 505
246 504
247 503
248 502
248 512
249 501
250 500
251 500
251 518
252 517
253 516
254 515
255 514
256 514
257 513
258 512
258 514
259 511
260 510
260 513
260 514
261 509
261 510
261 517
262 508
263 507
263 513
264 506
264 508
265 505
266 504
266 505
266 508
266 512
267 503
268 502
269 501
270 500
271 500
271 507
271 518
272 517
273 516
274 515
275 514
276 513
277 512
277 514
278 511
279 510
280 509
280 512
281 508
282 507
283 506
284 505
285 504
286 503
286 506
286 509
286 512
286 513
287 502
288 501
288 504
288 507
288 509
288 510
288 511
289 500
290 518
291 517
292 516
292 517
293 504
293 515
293 517
294 501
294 502
294 514
294 515
295 501
295 502
295 513
295 515
296 512
297 511
297 512
298 510
299 509
300 508
300 509
300 516
301 507
302 506
302 509
302 511
303 505
304 504
305 503
306 502
306 504
307 501
308 500
309 507
309 518
310 517
311 516
312 515
313 514
314 513
315 512
316 511
317 510
317 517
318 509
319 508
320 507
321 506
321 507
321 514
322 505
322 514
323 504
324 503
325 503
325 510
326 502
326 509
327 501
327 508
328 500
328 507
329 506
329 518
330 505
330 517
331 504
331 516
332 503
332 515
333 502
333 514
334 501
334 513
335 500
335 512
336 511
336 518
337 510
337 517
338 509
338 516
339 508
339 515
340 507
340 514
341 506
341 513
342 505
342 512
343 504
343 509
343 511
344 503
344 510
345 502
345 509
346 501
346 506
346 508
346 510
347 500
347 506
347 507
348 506
348 518
349 505
349 517
350 502
350 504
350 516
351 503
351 515
352 501
352 502
352 503
352 514
353 501
353 513
354 500
354 512
355 511
355 518
356 510
356 517
357 509
357 516
358 508
358 515
359 507
359 514
360 506
360 508
360 513
361 505
361 512
362 504
362 511
363 503
363 510
364 502
364 509
365 501
365 508
366 500
366 507
367 506
367 518
368 505
368 517
369 504
369 516
370 503
370 515
371 502
371 514
372 501
372 513
373 500
373 513
374 512
375 511
376 510
377 509
378 508
379 507
380 506
381 505
381 507
382 504
383 503
384 502
385 501
386 500
387 500
387 501
388 518
389 501
389 517
389 518
390 516
391 515
392 514
393 513
394 512
395 511
396 510
397 509
397 510
398 508
398 509
399 507
400 506
401 505
402 504
403 503
404 502
405 501
406 500
406 502
407 505
408 518
409 517
410 516
411 515
412 514
413 514
414 513
415 512
416 511
417 510
418 510
419 509
419 512
420 508
421 507
422 506
423 505
424 504
425 503
425 505
425 506
426 502
426 506
427 502
428 501
429 500
430 518
431 517
432 516
433 515
434 514
435 513
435 515
436 512
437 511
438 510
439 509
440 508
441 507
442 506
443 505
444 505
445 504
446 503
447 503
448 502
449 501
450 500
451 518
452 517
453 516
454 515
455 514
456 513
457 512
458 511
459 510
460 509
461 508
462 507
463 506
464 505
465 504
466 503
467 502
468 501
469 500
470 518
471 517
472 516
473 515
474 514
475 513
476 512
477 511
478 510
479 509
480 508
481 507
482 506
483 505
484 504
485 503
486 503
487 502
488 501
489 500
490 518
491 517
492 516
493 515
494 514
495 513
496 512
497 512
497 514
498 512
499 512
