0 1614
1 1612
2 1607
2 1610
3 1608
3 1609
3 1610
3 1614
3 1615
4 1606
4 1609
4 1610
4 1611
4 1612
4 1613
4 1615
5 1610
5 1613
5 1614
6 1606
6 1608
6 1609
6 1611
6 1613
7 1606
7 1609
7 1615
8 1606
8 1607
8 1613
9 1614
10 1609
10 1612
11 1607
11 1608
11 1609
11 1610
11 1611
11 1612
11 1613
11 1614
11 1615
12 1606
12 1607
12 1608
12 1609
12 1610
12 1611
12 1614
12 1615
13 1606
13 1612
13 1615
14 1606
14 1610
14 1611
14 1613
14 1614
14 1615
15 1606
15 1607
15 1608
15 1609
15 1610
15 1611
15 1615
16 1606
16 1609
16 1615
17 1607
18 1606
18 1608
18 1609
18 1611
18 1612
18 1613
18 1614
19 1606
19 1607
19 1608
19 1609
19 1610
19 1612
20 1607
20 1608
20 1610
20 1611
21 1606
21 1608
21 1614
22 1606
22 1607
22 1608
22 1612
22 1613
22 1615
23 1613
24 1606
24 1607
24 1608
24 1609
24 1611
24 1612
24 1613
24 1614
24 1615
25 1606
25 1607
25 1608
25 1609
25 1610
25 1613
25 1614
25 1615
26 1607
26 1613
27 1611
27 1614
28 1606
28 1607
28 1608
28 1609
28 1610
28 1612
29 1607
29 1608
29 1609
29 1610
29 1611
29 1612
30 1606
30 1607
30 1608
30 1614
30 1615
31 1606
31 1607
31 1608
31 1609
31 1610
31 1611
31 1612
31 1613
31 1614
31 1615
32 1606
32 1609
32 1610
32 1611
32 1613
32 1614
32 1615
33 1607
33 1608
33 1611
33 1614
34 1606
34 1609
34 1610
34 1611
34 1612
34 1613
34 1614
34 1615
35 1607
35 1613
35 1615
36 1611
36 1614
37 1606
37 1607
37 1609
37 1610
37 1611
37 1612
38 1606
38 1610
38 1611
38 1615
39 1606
39 1608
39 1612
39 1614
39 1615
40 1606
40 1607
40 1610
40 1612
40 1613
40 1615
41 1606
41 1607
41 1610
41 1611
41 1613
41 1614
42 1606
42 1607
42 1608
42 1611
43 1609
44 1607
44 1613
44 1614
45 1606
45 1611
45 1612
45 1614
45 1615
46 1607
46 1609
46 1610
46 1611
46 1612
46 1613
46 1614
46 1615
47 1607
47 1608
47 1610
47 1611
47 1614
48 1606
48 1607
48 1608
48 1614
49 1606
49 1607
49 1610
49 1612
49 1613
49 1614
49 1615
50 1606
50 1608
50 1610
50 1611
50 1612
50 1613
50 1614
51 1606
51 1608
51 1609
51 1611
51 1614
51 1615
52 1606
52 1607
52 1609
52 1615
53 1607
53 1613
54 1608
54 1609
54 1612
54 1614
55 1609
55 1612
56 1607
56 1610
56 1611
56 1612
56 1613
57 1607
57 1608
57 1609
57 1612
57 1614
57 1615
58 1606
58 1612
58 1615
59 1607
59 1608
59 1610
59 1611
59 1613
60 1611
60 1615
61 1606
61 1609
61 1610
61 1615
62 1606
62 1607
63 1606
63 1607
63 1608
63 1611
63 1612
63 1613
63 1614
64 1609
64 1612
65 1607
65 1610
65 1611
65 1612
65 1613
65 1614
65 1615
66 1606
66 1608
66 1609
66 1611
66 1614
66 1615
67 1606
67 1612
67 1613
67 1615
68 1608
68 1610
68 1613
69 1607
69 1608
69 1611
70 1606
70 1609
70 1611
71 1607
71 1608
71 1609
71 1613
72 1606
72 1607
72 1608
72 1609
72 1610
72 1611
72 1612
72 1613
72 1614
73 1609
73 1610
73 1612
73 1614
73 1615
74 1607
74 1608
74 1610
74 1612
74 1613
74 1614
75 1606
75 1608
75 1609
75 1610
75 1611
75 1612
75 1614
75 1615
76 1606
76 1607
76 1610
76 1612
76 1613
76 1614
76 1615
77 1609
77 1610
77 1611
77 1613
78 1607
78 1608
78 1609
78 1611
78 1612
78 1613
78 1614
78 1615
79 1606
79 1607
79 1608
79 1609
80 1607
80 1610
80 1611
80 1613
80 1614
81 1606
81 1607
81 1611
81 1612
81 1614
81 1615
82 1609
82 1610
82 1612
83 1610
84 1608
84 1614
85 1606
85 1607
85 1608
85 1609
85 1610
85 1611
85 1612
85 1613
85 1615
86 1610
86 1611
86 1613
87 1608
87 1611
88 1609
89 1607
89 1613
90 1609
90 1610
90 1611
90 1612
90 1614
90 1615
91 1609
91 1610
91 1611
91 1612
91 1613
91 1614
91 1615
92 1606
92 1607
92 1608
92 1609
92 1610
92 1613
93 1606
93 1607
93 1608
93 1609
93 1612
93 1614
93 1615
94 1606
94 1607
94 1610
94 1612
94 1613
94 1615
95 1613
96 1608
96 1611
97 1606
97 1609
97 1610
97 1615
98 1607
98 1608
98 1609
98 1613
98 1614
99 1606
99 1609
99 1611
99 1614
99 1615
100 1606
100 1607
100 1608
100 1609
100 1610
100 1612
100 1613
101 1610
102 1606
102 1608
103 1606
103 1611
103 1612
103 1615
104 1606
104 1610
104 1611
104 1613
105 1611
106 1607
106 1609
106 1613
106 1615
107 1607
107 1608
107 1613
107 1614
108 1606
108 1609
108 1611
108 1612
108 1614
108 1615
109 1607
109 1608
109 1609
109 1610
109 1612
109 1614
109 1615
110 1607
110 1608
110 1610
110 1612
111 1608
112 1606
112 1610
112 1615
113 1606
113 1610
113 1613
114 1608
114 1609
114 1611
114 1612
115 1606
115 1607
115 1608
115 1609
115 1615
116 1607
116 1614
117 1614
118 1612
119 1607
119 1610
119 1614
120 1608
120 1611
120 1614
121 1606
121 1612
121 1615
122 1610
122 1611
122 1613
123 1608
123 1609
123 1611
123 1614
124 1606
124 1607
124 1609
125 1606
125 1607
125 1611
126 1611
126 1614
127 1609
127 1610
127 1612
128 1606
128 1607
128 1610
128 1611
128 1613
128 1614
129 1606
129 1608
130 1606
130 1607
130 1609
130 1612
130 1613
130 1614
130 1615
131 1608
131 1610
131 1613
131 1614
131 1615
132 1606
132 1608
132 1609
132 1611
132 1614
133 1606
133 1607
133 1609
133 1610
133 1612
133 1613
133 1614
133 1615
134 1607
134 1612
135 1614
135 1615
136 1608
136 1609
136 1612
136 1613
136 1615
137 1607
137 1608
137 1610
137 1611
137 1613
137 1614
138 1606
138 1608
138 1609
138 1614
138 1615
139 1606
139 1612
139 1615
140 1613
141 1608
141 1611
141 1612
142 1606
142 1609
142 1612
142 1615
143 1606
143 1607
143 1608
143 1611
143 1613
143 1614
144 1611
144 1614
145 1608
145 1612
146 1606
146 1607
146 1610
147 1608
147 1609
147 1612
147 1613
147 1614
148 1606
148 1609
148 1612
148 1613
148 1615
149 1608
149 1610
149 1613
150 1608
150 1611
151 1606
151 1607
151 1609
151 1615
152 1606
152 1607
152 1613
153 1614
154 1612
155 1610
156 1606
156 1608
156 1614
156 1615
157 1606
157 1607
157 1612
157 1613
157 1615
158 1607
158 1610
158 1613
158 1614
159 1608
159 1609
159 1610
159 1611
159 1614
160 1606
160 1607
160 1609
160 1615
161 1607
161 1612
161 1613
161 1614
162 1606
162 1611
162 1614
162 1615
163 1606
163 1609
163 1612
163 1613
163 1615
164 1607
164 1610
164 1611
165 1608
165 1609
165 1614
166 1606
166 1615
167 1611
167 1613
168 1608
168 1611
168 1613
169 1606
169 1607
169 1609
169 1610
169 1613
169 1615
170 1607
170 1608
170 1610
170 1612
170 1613
170 1615
171 1611
171 1614
172 1609
172 1611
172 1612
172 1613
172 1615
173 1606
173 1607
173 1608
173 1610
173 1611
173 1613
174 1606
174 1608
174 1612
174 1614
174 1615
175 1606
175 1615
176 1607
176 1609
176 1610
176 1613
177 1608
177 1611
178 1606
178 1609
178 1610
178 1613
178 1615
179 1607
179 1608
179 1611
179 1613
179 1614
180 1608
180 1609
180 1610
180 1611
180 1612
180 1613
180 1614
180 1615
181 1606
181 1607
181 1608
181 1609
181 1610
181 1611
181 1612
182 1606
182 1607
182 1610
183 1608
183 1614
184 1606
184 1615
185 1607
185 1610
185 1613
186 1608
186 1611
186 1613
187 1606
187 1609
187 1611
187 1615
188 1607
188 1608
188 1612
188 1613
188 1614
188 1615
189 1611
189 1614
189 1615
190 1609
190 1612
190 1613
191 1607
191 1608
191 1609
191 1610
192 1608
192 1613
193 1606
193 1615
194 1606
194 1613
195 1611
195 1612
195 1615
196 1606
196 1607
196 1608
196 1609
197 1607
197 1613
197 1614
198 1611
198 1612
198 1614
199 1612
199 1613
200 1607
200 1608
200 1610
200 1614
201 1608
201 1609
201 1612
201 1614
201 1615
202 1606
202 1611
202 1612
202 1615
203 1610
203 1613
204 1609
204 1610
204 1611
205 1609
205 1615
206 1607
206 1613
206 1614
207 1614
208 1612
209 1607
209 1610
210 1608
210 1613
210 1614
211 1606
211 1615
212 1610
212 1611
212 1613
212 1615
213 1607
213 1608
213 1609
213 1611
214 1607
214 1608
214 1609
214 1612
215 1607
215 1613
215 1614
216 1609
216 1611
216 1612
216 1613
216 1614
216 1615
217 1607
217 1609
217 1610
217 1611
217 1612
218 1607
218 1610
219 1608
219 1614
220 1606
220 1615
221 1607
221 1608
221 1610
221 1611
221 1613
222 1608
222 1609
222 1611
223 1606
223 1609
223 1615
224 1607
225 1611
225 1614
225 1615
226 1607
226 1609
226 1612
227 1607
227 1610
228 1608
229 1606
229 1607
229 1612
229 1613
229 1615
230 1613
230 1614
231 1607
231 1608
231 1609
231 1610
231 1611
232 1609
232 1615
233 1607
234 1614
235 1612
236 1610
237 1608
237 1614
237 1615
238 1606
238 1612
238 1613
238 1615
239 1610
239 1613
239 1614
240 1608
240 1609
240 1611
240 1613
240 1615
241 1606
241 1609
242 1607
243 1611
243 1614
243 1615
244 1606
244 1607
244 1609
244 1610
244 1612
245 1607
245 1610
246 1606
246 1607
246 1608
247 1606
247 1612
247 1615
248 1613
249 1611
250 1609
251 1607
251 1613
251 1614
252 1613
252 1614
253 1609
253 1612
254 1607
254 1609
254 1610
255 1606
255 1607
255 1608
256 1606
256 1612
256 1615
257 1609
257 1610
257 1613
257 1614
258 1607
258 1608
258 1609
258 1611
259 1606
259 1607
259 1609
259 1615
260 1607
261 1614
262 1612
263 1610
264 1608
264 1609
264 1611
264 1614
264 1615
265 1606
265 1610
265 1612
265 1613
265 1615
266 1610
266 1613
267 1606
267 1608
267 1609
267 1611
267 1613
268 1606
268 1609
269 1607
269 1613
270 1606
270 1611
270 1612
270 1614
271 1612
271 1613
272 1607
272 1610
273 1608
273 1614
273 1615
274 1606
274 1612
274 1613
274 1615
275 1610
275 1611
275 1613
275 1615
276 1607
276 1608
276 1609
276 1611
276 1613
277 1606
277 1609
277 1615
278 1607
278 1608
278 1611
278 1613
278 1614
279 1614
280 1609
280 1612
281 1607
281 1610
281 1615
282 1607
282 1608
282 1614
283 1606
283 1612
283 1613
283 1614
283 1615
284 1613
285 1608
285 1611
286 1606
286 1609
286 1610
286 1612
286 1615
287 1607
287 1613
288 1614
289 1606
289 1609
289 1610
289 1611
289 1612
290 1607
290 1608
290 1610
291 1606
291 1608
291 1611
292 1606
292 1615
293 1610
293 1613
294 1611
295 1609
296 1607
296 1613
297 1610
297 1612
297 1613
297 1614
298 1609
298 1610
298 1612
299 1607
299 1610
299 1611
300 1608
300 1609
300 1614
301 1606
301 1612
301 1613
301 1615
302 1613
303 1608
303 1611
304 1606
304 1609
305 1607
305 1613
306 1611
306 1614
307 1612
307 1615
308 1610
308 1613
309 1608
310 1606
310 1615
311 1606
311 1610
311 1611
311 1612
311 1613
312 1608
312 1610
312 1611
313 1609
314 1607
314 1613
314 1614
314 1615
315 1614
315 1615
316 1612
317 1610
318 1608
319 1606
319 1615
320 1610
320 1613
320 1614
321 1608
321 1611
321 1612
321 1615
322 1606
322 1607
322 1609
322 1615
323 1607
323 1608
323 1613
324 1611
324 1614
325 1612
326 1607
326 1610
327 1608
327 1614
328 1606
328 1612
328 1613
328 1615
329 1613
330 1608
330 1611
331 1606
331 1609
332 1607
333 1606
333 1611
333 1612
333 1613
333 1614
334 1612
335 1610
335 1611
335 1614
336 1608
336 1609
336 1611
336 1612
336 1614
337 1606
337 1609
337 1612
337 1615
338 1610
338 1613
339 1610
339 1611
340 1606
340 1607
340 1608
340 1609
341 1607
341 1608
341 1613
341 1615
342 1606
342 1608
342 1611
342 1612
342 1614
343 1612
344 1607
344 1610
344 1611
345 1608
346 1606
346 1615
347 1613
348 1608
348 1611
348 1612
348 1615
349 1606
349 1609
350 1607
350 1608
350 1613
350 1614
351 1611
351 1614
352 1609
352 1612
353 1607
353 1610
353 1615
354 1606
354 1609
355 1607
355 1609
355 1610
355 1612
356 1610
356 1612
356 1614
357 1612
358 1606
358 1610
359 1608
359 1613
359 1614
360 1606
360 1615
361 1613
362 1611
363 1609
363 1614
364 1607
364 1612
365 1614
366 1606
366 1608
366 1609
366 1612
366 1615
367 1606
367 1607
367 1610
368 1608
369 1606
369 1610
369 1611
369 1615
370 1613
371 1607
371 1611
372 1609
372 1612
372 1614
373 1607
374 1610
374 1614
375 1606
375 1608
375 1612
376 1606
376 1610
376 1615
377 1608
378 1606
378 1609
378 1615
379 1613
380 1607
380 1611
380 1614
381 1609
381 1614
382 1607
382 1612
382 1613
383 1611
383 1614
384 1608
384 1612
385 1606
385 1607
385 1608
385 1610
385 1615
386 1608
386 1613
386 1614
387 1606
387 1609
387 1611
387 1612
387 1615
388 1609
388 1610
388 1613
389 1611
389 1614
390 1609
390 1614
390 1615
391 1607
392 1610
392 1614
393 1608
393 1612
393 1613
394 1606
394 1610
394 1615
395 1608
395 1611
395 1613
395 1614
396 1606
396 1609
396 1611
396 1615
397 1606
397 1609
397 1610
397 1611
397 1613
397 1615
398 1607
398 1608
398 1611
399 1609
399 1612
399 1614
399 1615
400 1607
400 1612
401 1610
401 1614
402 1606
402 1608
402 1612
403 1606
403 1607
403 1610
404 1608
404 1613
405 1606
405 1611
405 1615
406 1609
406 1613
407 1611
408 1609
409 1607
410 1607
410 1614
411 1612
412 1606
412 1610
413 1608
414 1606
414 1609
414 1611
414 1612
414 1615
415 1607
415 1609
415 1613
416 1607
416 1608
416 1611
417 1609
417 1611
417 1612
417 1614
417 1615
418 1607
419 1610
419 1614
420 1608
420 1612
421 1610
421 1615
422 1608
422 1613
422 1614
423 1606
423 1611
423 1615
424 1607
424 1609
424 1613
425 1607
425 1611
426 1609
426 1612
427 1607
427 1610
428 1608
428 1614
429 1612
429 1615
430 1610
430 1613
431 1608
431 1611
432 1606
432 1609
432 1615
433 1609
433 1613
434 1607
434 1608
434 1609
434 1611
435 1609
435 1612
435 1614
436 1607
436 1612
437 1610
437 1614
438 1608
438 1609
438 1610
438 1612
439 1610
440 1608
441 1606
441 1611
441 1612
441 1615
442 1607
442 1609
442 1613
443 1611
444 1609
444 1612
444 1614
444 1615
445 1607
445 1609
445 1612
446 1614
447 1608
447 1612
448 1606
448 1610
448 1615
449 1608
450 1606
450 1607
450 1611
450 1612
450 1613
450 1615
451 1609
451 1613
452 1607
452 1608
452 1611
453 1609
454 1607
454 1613
454 1614
455 1614
456 1612
457 1610
457 1615
458 1608
459 1606
459 1615
460 1609
460 1610
460 1613
461 1611
462 1609
463 1607
464 1610
464 1614
465 1612
465 1614
466 1606
466 1610
466 1615
467 1608
467 1613
467 1614
468 1606
468 1615
469 1609
469 1613
470 1607
470 1611
471 1609
472 1607
473 1614
474 1612
475 1610
476 1608
476 1610
477 1606
477 1615
478 1606
478 1609
478 1610
478 1613
479 1607
479 1608
479 1609
479 1611
479 1614
480 1609
480 1614
481 1607
481 1612
481 1613
482 1607
482 1610
482 1614
483 1608
483 1612
483 1614
484 1606
484 1610
485 1608
485 1613
486 1606
486 1615
487 1609
487 1610
487 1613
488 1607
488 1611
489 1609
490 1607
490 1612
491 1607
491 1609
491 1610
491 1611
491 1614
492 1608
492 1612
493 1610
493 1615
494 1608
495 1606
495 1611
495 1615
496 1613
497 1607
497 1611
498 1609
499 1607
499 1610
499 1612
500 1614
501 1608
501 1612
502 1606
502 1610
503 1608
504 1606
504 1609
504 1611
504 1612
504 1615
505 1609
505 1613
506 1607
506 1611
507 1609
508 1607
508 1609
508 1612
508 1614
509 1614
510 1608
510 1612
511 1606
511 1610
511 1615
512 1608
513 1606
513 1609
513 1611
513 1615
514 1606
514 1613
515 1607
515 1608
515 1609
515 1611
516 1607
516 1609
516 1614
517 1607
518 1614
519 1608
519 1612
520 1610
521 1608
521 1613
521 1614
522 1606
522 1611
522 1615
523 1610
523 1613
524 1611
525 1609
526 1607
526 1612
526 1613
527 1607
527 1610
527 1614
528 1608
528 1612
529 1610
529 1615
530 1608
531 1606
531 1615
532 1609
532 1613
533 1611
533 1614
534 1609
535 1607
535 1610
536 1614
537 1612
538 1610
539 1608
540 1606
540 1611
540 1615
541 1609
541 1613
542 1611
543 1609
543 1614
544 1607
544 1612
544 1613
545 1614
546 1607
546 1612
547 1606
547 1607
547 1610
547 1613
547 1615
548 1608
548 1613
549 1606
549 1611
549 1615
550 1613
551 1608
551 1611
552 1609
552 1613
552 1614
553 1607
553 1610
554 1614
555 1612
556 1610
557 1608
558 1606
558 1611
558 1612
558 1615
559 1609
559 1613
560 1611
561 1610
562 1608
562 1610
563 1606
563 1615
564 1613
565 1611
565 1615
566 1609
566 1612
566 1613
567 1607
567 1609
567 1610
567 1611
567 1613
568 1614
569 1612
570 1610
571 1608
571 1612
572 1606
572 1609
572 1610
572 1611
572 1615
573 1613
574 1611
574 1615
575 1609
575 1613
576 1607
576 1609
576 1610
576 1611
577 1607
577 1608
577 1609
577 1614
577 1615
578 1612
579 1610
579 1614
580 1608
581 1606
581 1610
581 1615
582 1613
583 1611
583 1615
584 1609
585 1607
586 1609
586 1615
587 1607
587 1608
587 1613
588 1611
589 1609
590 1607
590 1610
590 1611
590 1612
591 1608
591 1614
592 1612
592 1615
593 1610
594 1608
594 1611
595 1606
595 1615
596 1608
596 1613
597 1611
597 1614
597 1615
598 1609
598 1612
598 1613
599 1607
599 1610
600 1614
601 1612
602 1610
603 1608
603 1611
604 1606
604 1615
605 1613
606 1611
606 1615
607 1609
608 1607
608 1610
608 1611
609 1609
609 1614
610 1606
610 1612
610 1615
611 1606
611 1610
612 1608
612 1611
613 1606
613 1615
614 1613
615 1606
615 1611
615 1615
616 1609
617 1607
618 1614
619 1612
620 1610
620 1614
621 1608
621 1612
622 1606
622 1615
623 1613
624 1611
624 1614
625 1609
626 1607
627 1614
628 1612
628 1615
629 1610
629 1613
630 1608
630 1611
630 1612
631 1606
631 1615
632 1613
633 1611
634 1609
635 1607
636 1608
636 1614
637 1612
637 1615
638 1606
638 1610
638 1612
638 1613
639 1608
639 1611
640 1606
640 1615
641 1607
641 1608
641 1613
642 1611
643 1609
643 1612
643 1613
644 1607
645 1614
646 1612
646 1615
647 1606
647 1610
648 1608
648 1610
648 1611
648 1612
648 1613
649 1606
649 1608
649 1609
649 1610
649 1611
649 1615
650 1607
650 1608
650 1613
651 1606
651 1611
652 1609
653 1607
654 1608
654 1609
654 1610
654 1614
655 1612
656 1606
656 1610
657 1608
657 1611
657 1612
658 1606
658 1609
658 1615
659 1607
659 1613
660 1611
660 1614
661 1609
661 1612
662 1607
663 1608
663 1614
664 1612
664 1614
664 1615
665 1610
666 1608
667 1606
667 1615
668 1607
668 1613
669 1611
669 1614
670 1609
671 1607
671 1610
672 1606
672 1615
673 1613
674 1611
675 1609
676 1607
677 1614
678 1612
678 1614
679 1610
680 1608
681 1606
681 1615
682 1613
682 1615
683 1611
683 1613
684 1609
684 1611
685 1607
686 1607
686 1614
687 1612
688 1610
689 1608
689 1610
690 1606
690 1615
691 1606
691 1613
692 1611
692 1613
693 1609
693 1611
694 1607
695 1614
696 1612
696 1614
697 1610
698 1608
699 1606
699 1607
699 1615
700 1613
700 1615
701 1611
702 1609
703 1607
704 1607
704 1614
705 1612
705 1614
706 1610
706 1612
707 1608
707 1609
707 1611
707 1612
708 1606
708 1607
708 1608
708 1609
708 1610
708 1615
709 1606
709 1613
709 1614
709 1615
710 1606
710 1611
711 1609
712 1607
713 1614
714 1613
714 1614
715 1611
716 1609
716 1610
716 1611
717 1607
717 1608
718 1614
719 1612
720 1610
721 1608
722 1606
722 1615
723 1613
724 1611
724 1612
724 1613
725 1609
726 1607
727 1606
727 1614
727 1615
728 1612
728 1613
729 1610
730 1608
731 1606
731 1607
731 1615
732 1613
732 1614
733 1611
734 1609
735 1607
736 1614
737 1612
738 1610
739 1608
739 1609
740 1606
740 1615
741 1613
742 1611
742 1612
743 1609
744 1607
744 1608
745 1614
746 1612
746 1613
747 1610
748 1608
749 1606
749 1615
750 1613
750 1614
751 1611
752 1609
753 1607
753 1608
754 1614
754 1615
755 1612
756 1610
756 1611
757 1608
758 1606
758 1615
759 1613
760 1611
761 1609
762 1607
763 1614
764 1612
765 1610
766 1608
767 1606
767 1615
768 1613
768 1615
769 1611
770 1609
771 1607
771 1608
772 1614
773 1612
773 1614
774 1610
775 1608
776 1606
776 1615
777 1613
777 1614
777 1615
778 1611
779 1609
780 1608
781 1606
781 1615
782 1613
782 1614
783 1611
784 1609
785 1607
786 1614
787 1612
788 1610
789 1608
790 1606
790 1607
790 1615
791 1613
792 1611
793 1609
794 1607
795 1614
795 1615
796 1612
797 1610
798 1608
799 1606
799 1615
800 1613
801 1611
801 1612
802 1609
802 1610
803 1607
804 1614
805 1612
806 1610
807 1608
808 1606
808 1615
809 1613
809 1614
810 1611
811 1609
812 1607
813 1614
814 1612
815 1610
816 1608
817 1606
817 1615
818 1613
818 1615
819 1611
820 1609
821 1607
822 1606
822 1614
822 1615
823 1612
824 1610
825 1608
826 1606
826 1607
826 1615
827 1606
827 1613
828 1611
829 1609
830 1607
831 1614
832 1612
833 1610
834 1608
835 1606
835 1615
836 1613
836 1614
837 1611
837 1612
838 1609
839 1607
840 1614
841 1612
842 1610
843 1608
844 1606
844 1615
845 1613
846 1611
847 1609
848 1607
849 1614
850 1612
851 1610
852 1608
853 1606
853 1615
854 1613
855 1611
856 1609
857 1607
857 1608
858 1614
859 1612
859 1613
860 1610
860 1611
860 1612
861 1608
862 1606
862 1607
862 1615
863 1613
863 1614
864 1611
865 1609
866 1607
867 1614
868 1612
869 1610
870 1608
871 1606
871 1615
872 1613
873 1611
873 1612
874 1609
875 1607
876 1614
877 1612
878 1610
879 1608
880 1606
880 1615
881 1613
882 1611
882 1613
883 1609
884 1607
885 1614
886 1612
887 1610
888 1608
889 1606
889 1615
890 1613
891 1611
892 1609
893 1607
893 1608
894 1614
895 1612
896 1610
897 1608
898 1606
898 1615
899 1613
900 1611
901 1609
902 1607
903 1614
904 1612
905 1610
906 1608
907 1606
907 1607
907 1608
907 1615
908 1613
909 1611
910 1609
911 1607
912 1614
912 1615
913 1612
913 1613
913 1614
914 1610
914 1611
914 1612
915 1608
916 1606
916 1615
917 1613
918 1611
919 1609
919 1610
920 1607
921 1614
921 1615
922 1612
922 1613
923 1610
924 1608
925 1606
925 1615
926 1613
927 1611
927 1612
928 1609
929 1607
930 1606
930 1614
931 1612
932 1610
933 1608
934 1606
934 1615
935 1613
935 1614
936 1611
936 1612
937 1609
938 1607
939 1614
940 1612
941 1610
942 1608
943 1606
943 1615
944 1613
945 1611
946 1609
947 1607
948 1606
948 1614
949 1612
949 1613
950 1610
950 1611
951 1608
952 1606
952 1615
953 1613
954 1611
955 1609
956 1607
957 1614
958 1612
959 1610
960 1608
961 1606
961 1615
962 1613
963 1611
963 1612
964 1609
965 1607
966 1614
967 1612
968 1610
969 1608
969 1609
970 1606
970 1615
971 1613
972 1611
973 1609
974 1607
975 1614
976 1612
977 1610
978 1608
979 1606
979 1615
980 1613
981 1611
982 1609
983 1607
984 1614
985 1612
986 1610
986 1611
987 1608
988 1606
988 1615
989 1613
990 1611
991 1609
992 1607
993 1614
993 1615
994 1612
995 1610
996 1608
997 1606
997 1615
998 1613
999 1611
1000 1609
1000 1610
1001 1607
1002 1614
1003 1612
1004 1610
1005 1608
1006 1606
1006 1615
1007 1613
1008 1611
1009 1609
1010 1607
1010 1609
1011 1614
1012 1612
1013 1610
1014 1608
1015 1606
1015 1615
1016 1613
1017 1611
1018 1609
1019 1607
1020 1614
1021 1612
1022 1610
1023 1608
1024 1606
1024 1615
1025 1613
1026 1611
1027 1609
1028 1607
1028 1608
1029 1614
1030 1612
1031 1610
1032 1608
1032 1609
1033 1606
1033 1607
1033 1615
1034 1613
1034 1614
1034 1615
1035 1611
1036 1609
1037 1607
1038 1606
1038 1614
1039 1612
1039 1613
1040 1610
1041 1608
1042 1606
1042 1615
1043 1613
1044 1611
1044 1612
1045 1609
1046 1607
1047 1614
1048 1612
1049 1610
1050 1608
1051 1606
1051 1607
1051 1615
1052 1613
1053 1611
1054 1609
1055 1607
1056 1614
1057 1612
1058 1610
1059 1608
1060 1606
1060 1615
1061 1613
1062 1611
1063 1609
1064 1607
1065 1614
1066 1612
1067 1610
1068 1608
1069 1606
1069 1615
1070 1613
1071 1611
1072 1609
1073 1607
1073 1608
1074 1614
1075 1612
1076 1610
1077 1608
1078 1606
1078 1615
1079 1613
1080 1611
1080 1612
1080 1613
1081 1609
1082 1607
1083 1614
1084 1612
1085 1610
1086 1608
1087 1606
1087 1615
1088 1613
1089 1611
1090 1609
1091 1607
1092 1614
1093 1612
1094 1610
1095 1608
1096 1606
1096 1615
1097 1613
1098 1611
1099 1609
1100 1607
1101 1614
1102 1612
1103 1610
1104 1608
1105 1606
1105 1615
1106 1613
1107 1611
1108 1609
1109 1607
1110 1614
1111 1612
1112 1610
1113 1608
1114 1606
1114 1615
1115 1613
1116 1611
1117 1609
1118 1607
1119 1614
1120 1612
1121 1610
1122 1608
1123 1606
1123 1615
1124 1613
1125 1611
1126 1609
1127 1607
1128 1614
1129 1612
1130 1610
1131 1608
1132 1606
1132 1615
1133 1613
1134 1611
1135 1609
1136 1607
1136 1608
1137 1614
1138 1612
1139 1610
1140 1608
1141 1606
1141 1615
1142 1613
1143 1611
1144 1609
1144 1610
1144 1611
1145 1607
1146 1614
1147 1612
1148 1610
1149 1608
1150 1606
1150 1615
1151 1613
1152 1611
1153 1609
1154 1607
1155 1606
1155 1614
1156 1612
1157 1610
1157 1611
1158 1608
1159 1606
1159 1615
1160 1613
1161 1611
1162 1609
1163 1607
1164 1614
1165 1612
1166 1610
1167 1608
1168 1606
1168 1615
1169 1613
1170 1611
1171 1609
1172 1607
1173 1614
1174 1612
1175 1610
1176 1608
1177 1606
1177 1615
1178 1613
1179 1611
1180 1609
1181 1607
1182 1614
1183 1612
1184 1610
1185 1608
1186 1606
1186 1615
1187 1613
1188 1611
1188 1612
1189 1609
1190 1607
1191 1614
1192 1612
1193 1610
1194 1608
1195 1606
1195 1615
1196 1613
1197 1611
1198 1609
1199 1607
1200 1614
1201 1612
1202 1610
1203 1608
1204 1606
1204 1615
1205 1613
1206 1611
1207 1609
1208 1607
1209 1614
1210 1612
1211 1610
1212 1608
1213 1606
1213 1615
1214 1613
1215 1611
1216 1609
1217 1607
1218 1606
1218 1614
1219 1612
1219 1613
1220 1610
1221 1608
1222 1606
1222 1607
1222 1608
1222 1615
1223 1613
1224 1611
1225 1609
1226 1607
1227 1614
1228 1612
1229 1610
1230 1608
1231 1606
1231 1607
1231 1615
1232 1613
1233 1611
1234 1609
1235 1607
1236 1614
1237 1612
1237 1613
1238 1610
1239 1608
1240 1606
1240 1615
1241 1613
1242 1611
1243 1609
1243 1610
1244 1607
1245 1614
1246 1612
1247 1610
1248 1608
1248 1610
1249 1606
1249 1615
1250 1613
1251 1611
1252 1609
1252 1610
1253 1607
1254 1614
1255 1612
1256 1610
1257 1608
1258 1606
1258 1615
1259 1613
1260 1611
1261 1609
1262 1607
1263 1614
1264 1612
1265 1610
1265 1612
1266 1608
1267 1606
1267 1615
1268 1613
1269 1611
1270 1609
1271 1607
1272 1614
1273 1612
1274 1610
1275 1608
1276 1606
1276 1615
1277 1613
1278 1611
1279 1609
1280 1607
1281 1606
1281 1614
1282 1612
1283 1610
1284 1608
1285 1606
1285 1615
1286 1613
1287 1611
1288 1609
1289 1607
1290 1614
1291 1612
1292 1610
1293 1608
1294 1606
1294 1615
1295 1613
1296 1611
1297 1609
1298 1607
1299 1614
1300 1612
1301 1610
1302 1608
1303 1606
1303 1607
1303 1615
1304 1613
1305 1611
1306 1609
1307 1607
1308 1614
1309 1612
1310 1610
1311 1608
1312 1606
1312 1615
1313 1613
1314 1611
1315 1609
1316 1607
1317 1614
1318 1612
1319 1610
1320 1608
1320 1609
1321 1606
1321 1607
1321 1615
1322 1613
1323 1611
1324 1609
1324 1611
1325 1607
1326 1614
1327 1612
1328 1610
1329 1608
1330 1606
1330 1615
1331 1613
1332 1611
1333 1609
1334 1607
1334 1608
1335 1614
1336 1612
1337 1610
1338 1608
1339 1606
1339 1615
1340 1613
1341 1611
1342 1609
1343 1607
1344 1614
1345 1612
1345 1613
1346 1610
1347 1608
1348 1606
1348 1615
1349 1613
1350 1611
1351 1609
1352 1607
1353 1614
1354 1612
1355 1610
1356 1608
1357 1606
1357 1615
1358 1613
1359 1611
1360 1609
1360 1611
1361 1607
1362 1614
1363 1612
1364 1610
1365 1608
1366 1606
1366 1615
1367 1613
1368 1611
1369 1609
1370 1607
1371 1614
1372 1612
1373 1610
1374 1608
1375 1606
1375 1615
1376 1613
1377 1611
1378 1609
1379 1607
1380 1614
1381 1612
1382 1610
1382 1612
1383 1608
1384 1606
1384 1615
1385 1613
1386 1611
1387 1609
1388 1607
1389 1614
1390 1612
1391 1610
1392 1608
1393 1606
1393 1615
1394 1613
1395 1611
1396 1609
1397 1607
1398 1614
1399 1612
1400 1610
1400 1611
1401 1608
1402 1606
1402 1607
1402 1608
1402 1615
1403 1613
1404 1611
1405 1609
1406 1607
1407 1614
1408 1612
1409 1610
1410 1608
1411 1606
1411 1615
1412 1613
1413 1611
1414 1609
1415 1607
1416 1614
1417 1612
1417 1613
1418 1610
1419 1608
1420 1606
1420 1615
1421 1613
1422 1611
1423 1609
1424 1607
1425 1614
1426 1612
1426 1613
1426 1614
1427 1610
1428 1608
1429 1606
1429 1615
1430 1613
1431 1611
1431 1612
1432 1609
1433 1607
1434 1614
1435 1612
1436 1610
1437 1608
1438 1606
1438 1615
1439 1613
1440 1611
1441 1609
1442 1607
1443 1614
1444 1612
1445 1610
1446 1608
1447 1606
1447 1607
1447 1608
1447 1615
1448 1613
1449 1611
1450 1609
1451 1607
1452 1614
1453 1612
1454 1610
1455 1608
1456 1606
1456 1615
1457 1613
1458 1611
1459 1609
1460 1607
1461 1606
1461 1614
1462 1612
1463 1610
1464 1608
1465 1606
1465 1615
1466 1613
1467 1611
1468 1609
1469 1607
1470 1614
1471 1612
1472 1610
1473 1608
1474 1606
1474 1615
1475 1613
1476 1611
1477 1609
1478 1607
1479 1614
1480 1612
1481 1610
1482 1608
1482 1609
1483 1606
1483 1615
1484 1613
1485 1611
1486 1609
1487 1607
1488 1614
1489 1612
1490 1610
1491 1608
1492 1606
1492 1615
1493 1613
1494 1611
1495 1609
1496 1607
1497 1614
1498 1612
1499 1610
1500 1608
1501 1606
1501 1615
1502 1613
1503 1611
1504 1609
1505 1607
1506 1614
1507 1612
1508 1610
1509 1608
1509 1609
1510 1606
1510 1615
1511 1613
1512 1611
1513 1609
1514 1607
1515 1614
1516 1612
1517 1610
1518 1608
1519 1606
1519 1615
1520 1613
1521 1611
1522 1609
1523 1607
1524 1614
1525 1612
1526 1610
1527 1608
1528 1606
1528 1615
1529 1613
1530 1611
1531 1609
1532 1607
1533 1614
1534 1613
1534 1614
1535 1611
1536 1609
1537 1607
1538 1606
1538 1614
1538 1615
1539 1612
1540 1610
1540 1611
1541 1608
1541 1609
1542 1606
1542 1615
1543 1613
1543 1614
1544 1611
1545 1609
1546 1607
1547 1606
1547 1614
1548 1612
1549 1610
1550 1608
1551 1606
1551 1615
1552 1613
1553 1611
1554 1609
1555 1607
1555 1608
1556 1606
1556 1614
1557 1612
1558 1610
1559 1608
1560 1606
1560 1615
1561 1613
1561 1614
1562 1611
1563 1609
1563 1610
1564 1607
1565 1614
1566 1612
1567 1610
1568 1608
1569 1606
1569 1615
1570 1613
1571 1611
1572 1609
1573 1607
1573 1608
1574 1614
1575 1612
1576 1610
1577 1608
1578 1606
1578 1615
1579 1613
1579 1614
1580 1611
1580 1612
1581 1609
1581 1610
1582 1607
1582 1608
1583 1614
1584 1612
1585 1610
1585 1611
1586 1608
1587 1606
1587 1607
1587 1615
1588 1613
1589 1611
1589 1612
1590 1609
1591 1607
1592 1606
1592 1614
1593 1612
1594 1611
1595 1609
1596 1607
1597 1614
1598 1612
1599 1610
1600 1608
1601 1606
1601 1615
1602 1613
1603 1611
1604 1609
1605 1607
