0 654
0 655
0 656
0 657
0 658
0 659
1 654
1 655
1 656
2 654
2 655
2 656
2 657
2 658
2 659
3 654
3 655
3 656
3 657
3 658
4 654
4 655
4 659
5 655
5 656
5 657
5 658
6 654
6 656
6 657
6 658
6 659
7 654
7 658
7 659
8 654
8 655
8 656
8 657
8 659
9 654
9 655
9 656
9 659
10 655
10 658
11 656
12 654
12 655
12 656
12 657
12 658
12 659
13 654
13 655
13 656
13 657
13 658
13 659
14 654
14 655
14 658
15 654
15 655
15 656
15 657
15 658
15 659
16 654
16 655
16 656
16 657
16 658
17 654
17 655
17 656
17 658
17 659
18 654
18 656
18 657
18 658
18 659
19 654
19 655
19 656
19 657
19 659
20 657
20 658
20 659
21 655
21 656
21 658
22 654
22 655
22 658
22 659
23 654
23 655
23 656
23 657
23 658
23 659
24 654
24 655
24 658
24 659
25 654
25 656
25 657
25 658
25 659
26 654
26 655
26 656
27 654
27 655
27 656
27 657
27 658
27 659
28 656
28 657
28 658
28 659
29 654
29 655
29 656
29 659
30 656
30 657
30 658
31 655
31 656
32 654
32 655
32 656
32 658
32 659
33 656
33 657
33 659
34 654
34 655
34 656
34 658
34 659
35 654
35 655
35 656
35 657
35 658
36 654
36 655
36 656
36 659
37 654
37 656
37 658
37 659
38 654
38 655
38 656
38 657
38 659
39 654
39 655
39 657
39 658
40 655
40 657
40 658
41 655
41 656
41 659
42 654
42 655
42 656
42 658
42 659
43 655
43 657
44 654
44 655
44 656
44 657
44 658
44 659
45 654
45 655
45 656
45 657
45 658
45 659
46 654
46 655
46 656
46 657
46 658
46 659
47 654
47 655
47 656
47 657
47 658
47 659
48 656
48 657
48 658
48 659
49 654
49 655
49 657
49 659
50 654
50 655
50 656
50 657
50 658
50 659
51 655
51 656
51 657
51 658
51 659
52 654
52 655
52 656
52 657
52 658
52 659
53 654
53 655
53 657
53 658
53 659
54 654
54 655
54 656
54 658
54 659
55 654
55 657
55 658
55 659
56 656
56 657
56 658
57 654
57 655
57 657
57 658
57 659
58 656
58 657
58 658
58 659
59 654
59 655
59 656
59 657
59 658
59 659
60 654
60 657
60 658
60 659
61 655
61 656
61 657
61 659
62 654
62 655
62 656
62 657
62 658
62 659
63 656
63 657
63 658
64 655
64 656
64 658
64 659
65 656
65 658
65 659
66 654
66 655
66 656
66 657
67 654
67 655
67 656
67 657
67 658
67 659
68 654
68 655
68 656
68 657
69 654
69 655
69 656
69 657
69 658
69 659
70 654
70 656
70 657
70 658
71 655
71 656
71 658
72 654
72 658
72 659
73 654
73 655
73 656
73 657
73 659
74 654
74 655
74 658
74 659
75 656
75 658
76 655
76 656
76 657
76 659
77 654
77 655
77 657
77 658
77 659
78 654
78 656
78 657
78 658
78 659
79 654
79 655
79 659
80 655
80 657
80 658
80 659
81 655
81 656
82 654
82 655
82 656
82 658
82 659
83 656
83 657
84 654
84 655
84 656
84 657
84 659
85 656
85 657
85 658
85 659
86 655
86 656
86 657
86 658
87 654
87 655
87 656
87 657
87 658
87 659
88 656
88 657
88 658
89 654
89 655
89 656
90 654
90 656
90 657
90 658
91 654
91 656
91 659
92 654
92 658
92 659
93 654
93 656
93 657
93 658
93 659
94 654
94 655
94 657
94 658
94 659
95 654
95 655
95 656
95 657
95 658
96 655
96 656
96 658
97 654
97 656
97 657
97 658
97 659
98 654
98 655
98 656
98 657
98 658
98 659
99 654
99 655
99 658
100 657
100 658
100 659
101 656
101 658
102 654
102 655
102 656
102 657
102 658
102 659
103 655
103 656
103 657
104 654
104 655
104 659
105 657
105 658
105 659
106 654
106 655
106 656
106 657
106 658
106 659
107 654
107 655
107 658
107 659
108 654
108 655
108 656
108 657
109 654
109 655
109 659
110 656
110 657
110 658
110 659
111 654
111 655
111 656
112 654
112 658
112 659
113 655
113 656
113 657
114 654
114 655
114 657
114 658
114 659
115 654
115 655
115 657
115 658
115 659
116 655
116 656
116 657
117 654
117 657
117 659
118 654
118 656
118 657
119 655
119 656
119 657
119 659
120 654
120 657
120 658
121 655
121 656
122 654
122 655
122 656
122 658
122 659
123 654
123 656
123 657
124 654
124 655
124 659
125 654
125 655
125 656
125 657
125 658
125 659
126 654
126 655
126 656
126 659
127 654
127 658
127 659
128 655
128 656
128 657
128 658
129 655
129 656
129 659
130 654
130 656
130 658
130 659
131 655
131 656
131 657
132 654
132 655
132 658
132 659
133 657
133 659
134 654
134 655
134 656
134 657
134 658
134 659
135 655
135 656
135 657
135 658
136 654
136 655
136 656
136 657
137 654
137 655
137 656
137 658
137 659
138 655
138 656
138 657
139 655
139 658
139 659
140 654
140 657
140 658
140 659
141 654
141 656
141 658
142 654
142 655
142 656
142 658
142 659
143 654
143 655
143 656
143 657
143 658
143 659
144 654
144 655
144 659
145 654
145 655
145 657
145 658
145 659
146 655
146 656
147 654
147 658
147 659
148 656
148 657
149 654
149 655
149 659
150 654
150 655
150 656
150 657
150 658
151 655
151 656
151 657
151 658
152 654
152 656
152 658
152 659
153 656
153 657
154 654
154 655
154 656
154 657
154 659
155 655
155 656
155 657
155 658
155 659
156 654
156 655
156 656
157 654
157 656
157 658
157 659
158 654
158 656
158 657
159 654
159 655
159 657
159 658
159 659
160 657
160 658
161 655
161 656
161 659
162 654
162 657
162 659
163 655
163 656
163 657
163 658
163 659
164 654
164 655
164 657
164 658
164 659
165 654
165 656
165 657
165 658
165 659
166 655
166 656
166 658
167 654
167 656
167 658
167 659
168 654
168 655
168 656
168 657
168 658
169 654
169 655
169 656
169 657
169 659
170 655
170 657
170 658
170 659
171 656
171 658
172 654
172 655
172 659
173 654
173 656
173 657
173 658
173 659
174 654
174 655
174 657
174 659
175 654
175 655
175 657
175 658
175 659
176 655
176 656
176 659
177 654
177 655
177 658
177 659
178 656
178 657
178 659
179 655
179 656
179 658
179 659
180 654
180 655
180 657
180 658
181 655
181 656
181 657
181 658
182 654
182 657
182 659
183 654
183 656
183 657
183 658
184 654
184 655
184 659
185 654
185 655
185 656
185 657
185 658
185 659
186 655
186 656
187 654
187 658
187 659
188 654
188 656
188 657
189 654
189 655
189 659
190 654
190 656
190 657
190 658
190 659
191 655
191 656
192 654
192 658
192 659
193 654
193 656
193 657
193 658
193 659
194 654
194 655
194 659
195 654
195 655
195 657
195 658
196 655
196 656
196 657
196 658
197 654
197 655
197 656
197 658
197 659
198 654
198 656
198 657
198 659
199 654
199 655
199 656
199 657
199 658
199 659
200 657
200 658
200 659
201 655
201 656
201 657
202 654
202 655
202 657
202 658
202 659
203 656
203 657
204 654
204 655
204 656
204 659
205 654
205 655
205 657
205 658
205 659
206 655
206 656
207 654
207 657
207 659
208 654
208 656
208 657
209 654
209 655
209 658
209 659
210 654
210 656
210 657
210 658
210 659
211 655
211 656
211 657
211 658
211 659
212 654
212 655
212 658
212 659
213 656
213 657
213 658
213 659
214 654
214 655
214 657
214 659
215 654
215 655
215 657
215 658
215 659
216 655
216 656
216 659
217 654
217 655
217 656
217 658
217 659
218 654
218 656
218 657
218 658
219 654
219 655
219 659
220 655
220 656
220 657
220 658
220 659
221 654
221 655
221 656
221 657
222 654
222 655
222 657
222 658
222 659
223 656
223 657
223 658
224 655
224 659
225 655
225 658
226 655
226 656
226 658
227 654
227 658
227 659
228 656
228 657
228 658
229 654
229 655
229 659
230 654
230 658
230 659
231 655
231 656
231 657
232 654
232 655
232 658
232 659
233 654
233 656
233 657
233 658
233 659
234 654
234 655
234 656
234 657
234 658
234 659
235 657
235 658
235 659
236 654
236 655
236 656
237 654
237 655
237 656
237 658
237 659
238 656
238 657
239 655
239 658
240 657
240 658
241 654
241 655
241 656
241 659
242 654
242 658
242 659
243 656
243 657
244 654
244 655
244 656
245 657
245 658
246 655
246 656
246 657
246 659
247 654
247 656
247 657
247 658
247 659
248 654
248 656
248 657
249 654
249 655
249 656
249 657
249 658
249 659
250 657
250 658
251 655
251 656
251 657
251 658
251 659
252 654
252 655
252 656
252 657
252 658
252 659
253 654
253 655
253 656
253 657
253 658
254 654
254 655
254 656
255 654
255 656
255 657
255 658
255 659
256 656
256 657
256 658
256 659
257 654
257 655
257 657
257 659
258 655
258 657
258 658
259 655
259 656
259 657
259 659
260 654
260 655
260 657
260 658
260 659
261 656
262 654
262 655
262 658
262 659
263 654
263 656
263 657
263 658
264 654
264 655
264 657
264 659
265 656
265 658
265 659
266 655
266 656
267 654
267 658
267 659
268 654
268 655
268 657
269 654
269 655
269 658
270 654
270 655
270 656
270 657
270 658
271 654
271 656
271 659
272 654
272 658
272 659
273 655
273 657
273 658
274 654
274 655
274 656
274 659
275 656
275 657
275 658
276 654
276 655
276 656
276 657
277 654
277 655
277 656
277 658
277 659
278 656
278 657
279 654
279 655
279 656
279 659
280 654
280 655
280 657
280 658
281 655
281 656
281 658
281 659
282 654
282 655
282 657
282 659
283 657
284 654
284 655
284 658
285 654
285 655
285 657
285 658
285 659
286 655
286 656
286 657
287 654
287 655
287 657
287 659
288 654
288 655
288 656
288 657
289 654
289 655
289 656
290 654
290 656
290 657
290 658
291 655
291 656
291 658
292 654
292 657
292 659
293 655
293 657
294 655
294 657
294 659
295 654
295 655
295 656
295 657
295 658
295 659
296 654
296 655
296 656
296 659
297 654
297 655
297 656
297 657
297 658
297 659
298 654
298 656
298 657
298 659
299 654
299 655
299 658
299 659
300 654
300 655
300 657
300 658
300 659
301 655
301 656
301 659
302 654
302 656
302 658
302 659
303 656
303 657
304 655
304 659
305 654
305 655
305 656
305 657
305 658
305 659
306 654
306 655
306 656
306 657
307 654
307 655
307 658
307 659
308 656
308 657
308 658
309 654
309 655
309 656
309 657
309 658
309 659
310 655
310 657
310 658
311 655
311 656
312 654
312 658
312 659
313 655
313 657
313 658
313 659
314 654
314 655
314 657
314 659
315 656
315 658
316 655
316 656
316 657
316 658
317 654
317 656
317 658
317 659
318 654
318 656
318 657
319 655
319 657
319 659
320 655
320 657
320 658
320 659
321 655
321 656
321 657
321 658
321 659
322 654
322 658
322 659
323 654
323 656
323 657
323 659
324 655
324 659
325 654
325 655
325 656
325 657
325 658
325 659
326 655
326 656
327 654
327 656
327 658
327 659
328 654
328 655
328 656
328 657
328 658
329 654
329 655
329 656
329 657
329 659
330 655
330 658
330 659
331 655
331 656
331 659
332 654
332 655
332 656
332 658
332 659
333 654
333 655
333 656
333 657
333 658
333 659
334 654
334 655
334 656
334 657
334 658
334 659
335 655
335 657
335 658
335 659
336 655
336 656
336 658
337 654
337 655
337 658
337 659
338 654
338 656
338 657
338 658
338 659
339 654
339 655
339 656
339 657
339 658
339 659
340 655
340 657
340 658
340 659
341 654
341 655
341 656
342 654
342 658
342 659
343 654
343 655
343 656
343 657
343 658
344 654
344 655
344 656
344 657
344 658
344 659
345 656
345 658
345 659
346 656
347 654
347 656
347 659
348 656
348 657
349 655
349 656
350 657
350 658
351 655
351 656
352 654
352 658
352 659
353 656
353 657
354 654
354 655
354 656
354 659
355 656
355 658
355 659
356 655
356 656
356 658
357 654
357 655
357 659
358 657
358 658
358 659
359 654
359 655
359 656
359 657
359 659
360 657
360 658
360 659
361 655
361 656
361 657
362 654
362 657
362 659
363 656
363 657
363 658
364 655
364 656
364 657
364 659
365 654
365 655
365 657
365 658
366 655
366 656
366 659
367 654
367 655
367 659
368 657
368 659
369 655
369 656
369 659
370 654
370 655
370 656
370 657
370 658
371 654
371 655
371 656
371 659
372 654
372 656
372 658
372 659
373 656
373 657
373 659
374 654
374 655
374 657
374 659
375 657
375 658
375 659
376 654
376 655
376 656
376 657
376 659
377 654
377 657
377 658
377 659
378 656
378 657
378 658
379 654
379 655
379 657
379 659
380 655
380 657
380 658
381 656
381 657
382 654
382 656
382 659
383 654
383 656
383 657
384 654
384 655
384 656
384 657
384 659
385 654
385 656
385 657
385 658
386 655
386 656
386 659
387 654
387 657
387 659
388 656
388 657
388 658
388 659
389 654
389 655
389 657
389 659
390 654
390 655
390 657
390 658
391 655
391 656
392 654
392 656
392 658
392 659
393 654
393 656
393 657
393 658
394 654
394 655
394 658
394 659
395 654
395 658
396 656
396 659
397 654
397 657
397 659
398 656
398 657
399 654
399 656
399 657
399 659
400 654
400 655
400 657
400 659
401 655
401 657
402 655
402 658
403 654
403 655
403 656
403 658
404 654
404 656
404 659
405 654
405 657
405 659
406 655
406 657
406 658
407 655
407 658
408 656
408 658
409 654
409 656
409 657
409 658
409 659
410 654
410 657
410 659
411 655
411 657
411 658
412 655
412 656
413 656
413 658
414 656
414 659
415 654
415 655
415 657
415 659
416 655
416 657
416 658
417 655
417 656
417 658
418 656
418 658
418 659
419 654
419 656
419 659
420 654
420 657
420 659
421 655
421 657
421 658
422 655
422 658
423 656
423 658
424 654
424 656
424 657
424 659
425 654
425 655
425 657
425 659
426 655
426 657
427 655
427 658
428 654
428 656
428 658
428 659
429 654
429 656
429 657
430 654
430 655
430 657
430 659
431 655
431 657
431 658
432 655
432 658
433 656
433 658
433 659
434 654
434 656
434 657
434 659
435 654
435 655
435 659
436 654
436 657
436 658
437 655
437 658
438 654
438 658
439 654
439 656
439 657
439 659
440 654
440 655
440 659
441 655
441 657
441 658
442 655
442 657
443 655
443 658
443 659
444 654
444 656
444 657
444 659
445 654
445 655
445 657
445 659
446 655
446 657
446 658
447 655
447 656
447 658
448 655
448 656
448 658
448 659
449 654
449 656
449 657
449 659
450 654
450 655
450 659
451 655
451 657
451 658
452 655
452 657
452 658
453 656
453 658
453 659
454 654
454 656
454 657
455 654
455 655
455 656
455 659
456 655
456 657
456 658
457 655
457 656
457 658
458 654
458 656
458 658
459 654
459 656
459 658
459 659
460 654
460 655
460 657
460 659
461 655
461 657
461 658
462 655
462 656
462 658
463 654
463 658
464 654
464 656
464 659
465 654
465 657
465 659
466 655
466 657
467 655
467 658
468 656
468 658
469 654
469 656
469 659
470 654
470 657
470 659
471 655
471 657
471 659
472 655
472 658
473 656
473 658
474 654
474 656
474 657
475 654
475 657
475 659
476 655
476 657
476 659
477 655
477 658
478 654
478 655
478 656
478 658
479 654
479 656
479 657
479 659
480 654
480 655
480 657
480 659
481 654
481 655
481 657
481 658
481 659
482 655
482 656
482 658
483 654
483 656
483 658
483 659
484 656
484 657
484 659
485 654
485 655
485 657
485 659
486 655
486 657
487 655
487 658
488 654
488 658
488 659
489 656
489 657
489 659
490 654
490 657
490 659
491 655
491 657
492 655
492 658
493 656
493 658
493 659
494 654
494 656
494 657
495 654
495 655
495 656
495 657
495 659
496 657
496 658
497 655
497 656
497 658
498 656
498 658
499 654
499 656
499 657
499 659
500 654
500 657
500 659
501 655
501 657
501 659
502 655
502 657
503 654
503 656
503 658
503 659
504 656
504 657
505 654
505 655
505 657
505 659
506 655
506 657
506 658
507 655
507 656
508 656
508 659
509 654
509 657
509 659
510 655
510 656
511 655
511 658
512 656
512 658
513 654
513 656
513 659
514 654
514 657
514 659
515 655
515 657
516 655
516 658
517 656
517 658
518 654
518 656
518 659
519 654
519 657
519 659
520 655
520 657
521 655
521 658
522 656
522 658
523 654
523 656
523 659
524 654
524 657
524 659
525 655
525 657
526 655
526 658
527 656
527 658
528 654
528 656
528 659
529 654
529 657
529 659
530 655
530 657
531 655
531 658
532 656
532 658
533 654
533 656
533 659
534 654
534 657
534 659
535 655
535 657
536 655
536 658
537 656
537 658
538 654
538 656
538 659
539 654
539 657
539 659
540 655
540 657
541 655
541 658
542 656
542 658
543 654
543 656
543 659
544 654
544 657
544 659
545 655
545 657
546 654
546 658
547 656
547 658
548 654
548 656
548 659
549 654
549 657
549 659
550 655
550 657
551 655
551 658
552 656
552 658
553 654
553 656
553 659
554 654
554 657
554 659
555 655
555 657
556 655
556 658
557 656
557 658
558 654
558 656
558 659
559 654
559 657
559 659
560 655
560 657
561 655
561 658
561 659
562 656
562 658
563 654
563 656
563 659
564 654
564 657
564 659
565 655
565 657
566 655
566 658
567 656
567 658
568 654
568 656
568 659
569 654
569 657
569 659
570 655
570 657
571 655
571 658
572 656
572 658
573 654
573 656
573 659
574 654
574 657
574 659
575 655
575 656
576 655
576 658
577 656
577 658
578 654
578 656
578 659
579 654
579 657
579 659
580 655
580 657
581 655
581 658
582 656
582 657
583 654
583 656
583 659
584 654
584 657
584 659
585 655
585 657
586 655
586 658
587 656
587 658
588 654
588 656
588 659
589 654
589 657
589 659
590 655
590 657
591 655
591 658
592 656
592 658
593 654
593 656
593 659
594 654
594 657
594 659
595 655
595 657
596 655
596 658
597 656
597 658
598 654
598 656
598 659
599 657
599 659
600 655
600 657
601 655
601 658
602 656
602 658
603 654
603 656
603 659
604 654
604 657
604 659
605 655
605 657
606 655
606 658
607 656
607 658
608 654
608 656
608 659
609 654
609 657
609 659
610 655
610 657
611 655
611 658
612 656
612 657
613 654
613 656
613 659
614 654
614 657
614 659
615 655
615 657
616 655
616 658
617 656
617 658
618 654
618 656
618 659
619 654
619 657
619 659
620 655
620 656
621 654
621 655
621 658
622 656
622 658
623 654
623 656
623 659
624 654
624 657
624 659
625 655
625 657
626 655
626 658
627 656
627 658
628 654
628 655
628 656
628 659
629 654
629 657
629 658
629 659
630 655
630 657
631 655
631 658
632 656
632 658
633 654
633 656
633 659
634 654
634 657
634 659
635 655
635 657
636 655
636 658
637 656
637 658
638 654
638 656
638 659
639 654
639 657
639 659
640 655
640 657
641 655
641 658
642 656
642 658
643 654
643 656
643 659
644 654
644 657
644 659
645 655
645 657
646 655
646 659
647 657
647 658
648 655
648 656
649 654
649 658
649 659
650 656
650 657
651 654
651 655
651 659
652 657
652 658
653 655
653 656
