0 1024
1 1024
1 1026
1 1027
1 1028
1 1030
2 1025
2 1027
2 1029
3 1026
3 1028
3 1029
4 1025
4 1027
4 1029
5 1024
5 1026
6 1025
6 1028
6 1030
7 1024
7 1027
7 1028
7 1029
8 1026
8 1028
8 1030
9 1025
9 1029
10 1028
10 1029
11 1027
11 1028
11 1030
12 1024
12 1026
13 1025
13 1027
13 1028
13 1030
14 1024
14 1027
14 1028
14 1029
15 1030
16 1024
16 1025
16 1027
16 1029
16 1030
17 1024
17 1028
18 1027
18 1028
18 1030
19 1024
19 1026
19 1028
19 1029
20 1025
20 1026
20 1028
20 1029
20 1030
21 1024
22 1026
22 1030
23 1025
23 1026
23 1027
23 1029
24 1028
25 1027
25 1030
26 1024
26 1026
26 1029
26 1030
27 1025
28 1024
29 1026
29 1027
29 1028
29 1030
30 1025
30 1027
30 1029
31 1026
31 1028
32 1027
33 1026
33 1029
34 1025
34 1026
34 1027
34 1028
34 1030
35 1024
35 1025
35 1027
35 1028
35 1029
36 1030
37 1029
38 1026
38 1028
39 1025
39 1027
39 1030
40 1024
40 1026
41 1025
42 1024
42 1027
42 1029
43 1030
44 1029
45 1028
46 1025
46 1027
46 1028
47 1024
47 1026
48 1025
49 1024
49 1027
49 1029
50 1030
51 1025
51 1027
51 1029
52 1026
52 1028
53 1027
53 1030
54 1026
54 1027
55 1025
56 1024
57 1024
57 1026
57 1027
57 1028
57 1030
58 1025
58 1026
58 1029
59 1026
59 1028
60 1025
60 1027
61 1024
61 1026
62 1025
63 1024
64 1024
64 1025
64 1026
64 1027
64 1028
64 1030
65 1025
65 1029
66 1024
66 1028
66 1029
67 1024
67 1025
67 1027
67 1028
67 1030
68 1024
68 1026
69 1025
70 1024
71 1026
71 1030
72 1029
73 1028
74 1027
75 1026
76 1025
77 1024
77 1025
77 1026
77 1027
77 1029
78 1026
78 1028
78 1030
79 1027
79 1029
80 1024
80 1025
80 1026
80 1028
81 1027
82 1024
82 1026
82 1029
83 1025
83 1028
83 1029
83 1030
84 1024
84 1027
85 1026
85 1030
86 1025
86 1027
86 1029
86 1030
87 1024
87 1026
87 1028
88 1027
88 1030
89 1024
89 1026
89 1027
89 1029
90 1025
91 1024
91 1027
91 1029
92 1030
93 1025
93 1027
93 1029
94 1024
94 1026
94 1028
94 1029
95 1027
96 1024
96 1026
96 1027
96 1029
96 1030
97 1025
97 1028
97 1030
98 1024
98 1025
98 1027
98 1029
99 1030
100 1025
100 1029
101 1024
101 1028
102 1027
102 1029
102 1030
103 1026
103 1029
104 1025
104 1030
105 1024
105 1027
105 1029
106 1030
107 1025
107 1026
107 1029
108 1024
108 1028
109 1027
110 1024
110 1026
110 1028
110 1029
110 1030
111 1025
111 1028
111 1030
112 1024
112 1027
113 1028
113 1030
114 1024
114 1026
114 1027
114 1029
115 1024
115 1026
115 1028
116 1027
116 1029
116 1030
117 1024
117 1026
117 1029
118 1025
118 1028
119 1024
120 1030
121 1025
121 1027
121 1029
122 1028
123 1025
123 1027
123 1030
124 1026
125 1025
125 1028
126 1024
126 1027
127 1026
127 1028
127 1030
128 1025
128 1029
129 1028
130 1024
130 1027
130 1030
131 1026
132 1025
132 1027
132 1028
133 1024
133 1026
133 1027
133 1028
134 1030
135 1024
135 1025
135 1027
135 1029
136 1024
136 1028
137 1024
137 1025
137 1027
137 1030
138 1026
138 1029
138 1030
139 1025
139 1028
140 1024
140 1027
141 1026
141 1030
142 1025
142 1027
142 1029
143 1028
144 1027
144 1030
145 1026
145 1029
146 1025
146 1027
146 1028
147 1024
147 1026
147 1027
147 1029
148 1024
148 1026
148 1028
148 1030
149 1025
149 1027
149 1029
150 1026
150 1028
150 1030
151 1025
151 1027
152 1024
152 1026
153 1025
153 1028
153 1029
154 1024
154 1027
155 1025
155 1026
155 1028
155 1030
156 1025
156 1029
157 1028
158 1027
158 1028
158 1030
159 1026
159 1028
159 1029
160 1025
160 1027
160 1028
160 1029
161 1024
162 1026
162 1028
162 1030
163 1025
163 1029
164 1026
164 1028
165 1025
165 1027
166 1024
166 1026
166 1027
166 1029
167 1025
167 1028
167 1030
168 1024
168 1026
168 1027
168 1028
169 1026
169 1028
169 1030
170 1025
170 1026
170 1027
170 1029
171 1026
171 1028
171 1029
172 1027
172 1030
173 1026
173 1029
174 1025
174 1028
174 1030
175 1024
175 1025
175 1026
175 1027
175 1029
176 1026
176 1030
177 1025
177 1027
177 1029
178 1024
178 1028
179 1025
179 1027
179 1030
180 1024
180 1026
181 1025
181 1028
182 1024
182 1027
183 1026
183 1030
184 1025
184 1029
185 1024
185 1025
185 1026
185 1028
186 1027
187 1026
187 1029
188 1025
188 1028
188 1030
189 1024
189 1026
189 1027
189 1029
190 1026
190 1028
190 1030
191 1029
192 1024
192 1025
192 1028
193 1027
193 1030
194 1026
195 1025
195 1028
196 1024
197 1030
198 1025
198 1027
198 1029
199 1028
200 1024
200 1027
201 1024
201 1026
201 1029
201 1030
202 1025
202 1027
202 1029
202 1030
203 1024
203 1029
204 1024
204 1025
204 1026
204 1030
205 1024
205 1029
206 1024
206 1026
206 1028
206 1029
206 1030
207 1025
207 1027
207 1029
207 1030
208 1024
208 1026
208 1029
209 1025
209 1030
210 1024
210 1026
210 1027
210 1028
210 1029
211 1026
211 1028
211 1030
212 1025
212 1027
212 1029
213 1026
213 1028
214 1024
214 1025
214 1027
215 1026
215 1029
216 1025
216 1028
216 1030
217 1024
217 1026
217 1027
217 1028
217 1029
218 1028
218 1030
219 1027
219 1029
220 1028
221 1025
221 1027
222 1024
222 1026
222 1029
223 1025
223 1030
224 1024
224 1026
224 1027
225 1025
225 1026
225 1030
226 1029
227 1024
227 1026
227 1028
228 1024
228 1025
228 1027
228 1030
229 1026
229 1028
229 1029
229 1030
230 1025
231 1024
231 1027
231 1029
232 1026
232 1028
232 1030
233 1029
234 1028
234 1030
235 1027
236 1024
236 1026
237 1025
237 1030
238 1024
238 1026
238 1027
238 1028
238 1029
239 1026
239 1027
239 1028
239 1030
240 1027
240 1029
241 1028
242 1025
242 1027
242 1030
243 1024
243 1026
243 1029
244 1025
244 1028
245 1024
246 1026
246 1030
247 1029
248 1026
248 1028
249 1025
249 1027
249 1028
249 1030
250 1024
250 1026
251 1025
251 1027
251 1028
251 1029
251 1030
252 1024
252 1026
252 1027
252 1028
252 1029
253 1026
253 1030
254 1025
254 1029
255 1028
255 1030
256 1024
256 1027
256 1029
256 1030
257 1026
257 1028
257 1029
257 1030
258 1025
258 1027
258 1028
258 1029
259 1024
259 1027
260 1030
261 1025
261 1027
261 1029
262 1028
263 1025
263 1027
264 1026
264 1028
264 1029
265 1025
265 1028
265 1029
266 1024
266 1026
266 1027
267 1028
267 1030
268 1027
268 1029
269 1028
270 1027
271 1024
271 1026
272 1025
273 1024
273 1027
273 1028
274 1024
274 1026
274 1028
274 1030
275 1027
275 1029
276 1028
277 1027
277 1029
277 1030
278 1026
278 1028
278 1029
278 1030
279 1025
279 1030
280 1024
280 1026
281 1030
282 1027
282 1029
283 1024
283 1025
283 1028
283 1030
284 1024
284 1027
284 1030
285 1026
285 1029
286 1025
286 1027
286 1028
287 1024
288 1028
288 1030
289 1029
290 1024
290 1025
290 1028
291 1027
291 1030
292 1026
292 1028
292 1029
293 1025
294 1024
294 1026
294 1027
294 1029
295 1028
295 1030
296 1025
296 1029
297 1026
297 1028
297 1030
298 1024
298 1027
299 1024
299 1026
299 1027
299 1029
299 1030
300 1025
300 1026
300 1028
300 1029
300 1030
301 1024
302 1030
303 1029
304 1024
304 1026
304 1028
304 1029
304 1030
305 1027
305 1029
306 1024
306 1026
306 1028
306 1029
306 1030
307 1025
307 1030
308 1024
308 1026
308 1027
308 1029
309 1028
309 1030
310 1025
310 1026
310 1029
311 1024
311 1028
312 1025
312 1027
312 1030
313 1024
313 1026
313 1029
314 1025
314 1029
314 1030
315 1024
315 1027
315 1028
316 1026
316 1030
317 1025
317 1029
318 1026
318 1028
319 1027
320 1026
320 1028
321 1025
321 1030
322 1024
322 1026
322 1027
323 1025
323 1026
323 1027
323 1030
324 1025
324 1029
325 1028
326 1027
327 1026
327 1028
327 1029
327 1030
328 1025
328 1027
328 1028
329 1024
330 1030
331 1029
332 1024
332 1028
333 1025
333 1027
334 1026
335 1025
335 1029
336 1024
337 1030
338 1027
338 1029
339 1026
339 1028
340 1025
340 1027
341 1024
341 1026
342 1025
343 1024
343 1029
344 1028
344 1030
345 1024
345 1029
346 1028
347 1027
348 1026
349 1025
350 1024
350 1029
351 1027
351 1028
351 1030
352 1029
353 1028
354 1024
354 1027
354 1030
355 1026
356 1025
357 1024
357 1027
357 1029
358 1026
358 1028
358 1030
359 1029
360 1028
361 1025
361 1027
362 1024
362 1026
363 1025
363 1028
364 1024
364 1027
365 1026
365 1028
365 1030
366 1025
366 1027
366 1029
367 1028
368 1025
368 1027
369 1024
369 1026
370 1025
371 1024
371 1027
372 1026
372 1030
373 1029
374 1026
374 1028
375 1027
376 1026
376 1029
377 1025
378 1024
379 1028
379 1030
380 1027
380 1029
381 1026
381 1028
381 1029
381 1030
382 1024
382 1025
382 1027
383 1026
384 1025
385 1024
385 1027
386 1026
386 1030
387 1025
387 1026
387 1029
388 1028
389 1025
389 1027
389 1030
390 1024
390 1026
391 1025
391 1030
392 1025
392 1027
393 1024
394 1030
395 1029
396 1028
397 1027
397 1029
398 1026
399 1025
399 1026
399 1029
400 1024
400 1026
401 1030
402 1024
402 1029
403 1028
404 1027
404 1029
405 1026
405 1028
406 1025
406 1027
407 1025
408 1024
408 1025
408 1027
409 1024
409 1030
410 1029
410 1030
411 1028
411 1029
412 1027
413 1026
413 1027
414 1025
415 1024
415 1027
416 1024
416 1030
417 1029
417 1030
418 1028
419 1027
419 1028
419 1029
420 1026
420 1027
420 1028
420 1029
421 1025
422 1024
423 1024
423 1026
423 1030
424 1029
424 1030
425 1028
425 1029
426 1027
427 1026
427 1027
428 1025
428 1026
429 1024
429 1025
429 1026
430 1030
431 1029
431 1030
432 1028
432 1029
433 1027
433 1028
434 1026
434 1027
435 1025
436 1024
437 1024
437 1025
437 1030
438 1029
439 1028
440 1027
440 1028
441 1026
442 1025
442 1026
443 1024
443 1025
444 1030
445 1029
446 1028
446 1029
447 1027
447 1028
447 1030
448 1026
449 1025
450 1024
451 1030
452 1029
453 1028
454 1027
454 1028
454 1030
455 1026
455 1027
456 1025
457 1024
457 1026
458 1030
459 1024
459 1029
459 1030
460 1024
460 1028
460 1029
460 1030
461 1027
462 1026
463 1025
464 1024
465 1030
466 1024
466 1029
466 1030
467 1028
467 1029
468 1027
469 1026
470 1025
471 1024
472 1024
472 1025
472 1030
473 1024
473 1029
474 1028
475 1027
475 1028
476 1026
477 1025
478 1024
479 1024
479 1026
479 1030
480 1025
480 1029
480 1030
481 1024
481 1028
482 1027
483 1026
484 1025
485 1025
486 1024
487 1024
487 1030
488 1024
488 1029
488 1030
489 1028
490 1027
491 1026
492 1025
493 1024
494 1030
495 1029
495 1030
496 1028
497 1027
497 1028
498 1026
499 1025
499 1027
500 1024
501 1030
502 1029
503 1028
504 1027
505 1026
506 1025
507 1024
508 1030
509 1029
510 1028
511 1027
512 1026
513 1025
514 1024
515 1030
516 1029
517 1028
518 1027
519 1026
520 1025
521 1024
522 1030
523 1029
524 1028
525 1027
526 1026
527 1025
528 1024
529 1030
530 1024
530 1029
531 1028
532 1027
533 1026
534 1025
535 1024
536 1030
537 1029
538 1028
539 1027
540 1026
541 1025
542 1024
543 1030
544 1029
545 1028
546 1027
547 1026
547 1027
548 1025
549 1024
550 1030
551 1029
552 1028
553 1027
554 1026
555 1025
556 1024
557 1030
558 1029
559 1028
560 1027
561 1026
562 1025
562 1026
562 1027
563 1024
564 1030
565 1029
566 1028
567 1027
568 1026
569 1025
570 1024
571 1030
572 1029
573 1028
574 1027
575 1026
576 1025
577 1024
577 1025
578 1030
579 1024
579 1029
580 1028
581 1027
582 1026
583 1025
584 1024
585 1030
586 1029
587 1028
588 1027
589 1026
590 1025
591 1024
591 1026
592 1030
593 1029
594 1028
595 1027
596 1026
597 1025
598 1024
599 1030
600 1029
601 1028
601 1030
602 1027
603 1026
604 1025
605 1024
606 1030
607 1029
608 1028
608 1029
609 1027
610 1026
611 1025
612 1024
613 1030
614 1029
615 1028
616 1027
617 1026
618 1025
619 1024
619 1026
620 1030
621 1029
622 1028
623 1027
624 1026
625 1025
626 1024
627 1030
628 1029
629 1028
630 1027
631 1026
632 1025
633 1024
634 1030
635 1029
636 1028
637 1027
638 1026
639 1025
640 1024
641 1030
642 1029
643 1028
644 1027
645 1026
645 1028
646 1025
647 1024
648 1030
649 1029
650 1028
651 1027
651 1028
652 1026
653 1025
654 1024
655 1030
656 1029
657 1028
658 1027
659 1026
660 1025
661 1024
661 1025
662 1030
663 1029
664 1028
665 1027
666 1026
667 1025
668 1024
669 1030
670 1029
671 1028
671 1030
672 1027
673 1026
674 1025
675 1024
675 1026
676 1030
677 1029
678 1028
679 1027
680 1026
681 1025
682 1024
683 1030
684 1029
685 1028
686 1027
686 1029
687 1026
688 1025
689 1024
690 1030
691 1029
692 1028
693 1027
694 1026
695 1025
696 1024
696 1026
697 1030
698 1029
699 1028
700 1027
701 1026
702 1025
703 1024
703 1025
704 1030
705 1029
706 1028
707 1027
708 1026
709 1025
710 1024
711 1025
711 1030
712 1029
713 1028
714 1027
715 1026
716 1025
717 1024
718 1030
719 1029
720 1028
721 1027
722 1026
723 1025
724 1024
725 1030
726 1029
727 1028
727 1029
728 1027
729 1026
730 1025
731 1024
732 1024
732 1030
733 1029
734 1028
735 1027
736 1026
737 1025
738 1024
738 1026
739 1030
740 1029
741 1028
741 1029
741 1030
742 1027
742 1028
742 1029
743 1026
744 1025
745 1024
746 1030
747 1029
748 1028
749 1027
750 1026
750 1028
751 1025
752 1024
753 1030
754 1029
755 1028
756 1027
756 1029
757 1026
758 1025
759 1024
760 1030
761 1029
762 1028
763 1027
764 1026
765 1025
766 1024
767 1030
768 1029
769 1028
770 1027
771 1026
772 1025
773 1024
774 1030
775 1029
776 1028
777 1027
778 1026
779 1025
779 1026
780 1024
781 1030
782 1029
783 1028
784 1027
785 1026
785 1027
785 1028
786 1025
787 1024
788 1030
789 1024
789 1029
790 1028
791 1027
792 1026
793 1025
794 1024
795 1030
796 1024
796 1029
797 1028
798 1027
799 1026
800 1025
801 1024
801 1025
802 1030
803 1029
804 1028
805 1027
806 1026
807 1025
808 1024
809 1030
810 1029
811 1028
812 1027
813 1026
814 1025
815 1024
816 1030
817 1029
818 1028
819 1027
820 1026
821 1025
822 1024
823 1030
824 1029
825 1028
826 1027
827 1026
828 1025
829 1024
830 1030
831 1029
832 1028
833 1027
834 1026
835 1025
836 1024
837 1030
838 1029
839 1028
840 1027
841 1026
842 1025
843 1024
844 1030
845 1029
846 1028
847 1027
848 1026
849 1025
850 1024
851 1030
852 1029
853 1028
854 1027
855 1026
856 1025
857 1024
858 1030
859 1029
860 1028
861 1027
862 1026
863 1025
864 1024
865 1030
866 1029
867 1028
868 1027
869 1026
870 1025
871 1024
872 1030
873 1029
874 1028
875 1027
876 1026
877 1025
878 1024
879 1030
880 1029
881 1028
882 1027
883 1026
884 1025
885 1024
886 1030
887 1029
888 1028
889 1027
890 1026
891 1025
892 1024
893 1030
894 1029
895 1028
896 1027
897 1027
898 1026
899 1025
900 1024
901 1030
902 1029
903 1028
904 1027
905 1026
906 1025
907 1024
908 1024
908 1030
909 1029
910 1028
910 1029
911 1027
912 1026
913 1025
914 1024
915 1030
916 1029
916 1030
917 1028
918 1027
919 1026
920 1025
921 1024
922 1024
922 1030
923 1029
924 1028
925 1027
926 1026
927 1025
928 1024
929 1030
930 1029
931 1028
932 1027
933 1026
934 1025
935 1024
936 1030
937 1029
938 1028
939 1027
940 1026
941 1025
942 1024
943 1030
944 1029
945 1028
946 1027
947 1026
948 1025
949 1024
950 1030
951 1029
952 1028
953 1027
954 1026
955 1025
956 1024
957 1030
958 1029
959 1028
960 1027
961 1026
962 1025
963 1024
964 1030
965 1029
966 1028
967 1027
968 1026
969 1025
970 1024
971 1030
972 1029
973 1028
974 1027
975 1026
976 1025
977 1024
978 1030
979 1029
980 1028
981 1027
982 1026
983 1025
984 1024
985 1030
986 1029
987 1028
988 1027
989 1026
990 1025
991 1024
992 1030
993 1029
994 1028
995 1027
996 1026
997 1025
998 1024
999 1030
1000 1029
1001 1028
1002 1027
1003 1026
1004 1025
1005 1024
1006 1030
1007 1029
1008 1028
1009 1027
1010 1026
1011 1025
1012 1024
1013 1030
1014 1029
1015 1028
1016 1027
1017 1026
1018 1025
1019 1024
1020 1030
1021 1029
1022 1028
1023 1027
