0 610
1 622
2 620
2 638
3 584
4 597
5 578
5 586
5 617
6 618
7 589
7 628
8 601
9 587
9 588
9 630
10 599
10 602
10 605
10 622
11 596
11 616
11 635
12 622
12 637
13 582
13 616
13 622
14 584
14 619
14 634
15 574
16 580
16 585
16 628
16 637
17 586
17 620
17 633
17 638
18 608
18 619
19 582
19 590
19 641
20 583
20 618
21 613
21 622
22 599
22 604
22 615
22 634
23 599
24 637
25 598
26 590
26 603
26 620
26 623
26 629
26 633
27 590
27 612
27 621
28 584
29 578
29 584
30 600
30 620
31 613
31 637
32 614
33 597
33 619
34 622
35 585
36 573
37 582
38 589
38 609
39 577
39 627
40 580
40 597
40 633
41 575
42 577
43 615
43 632
44 585
44 586
44 600
44 602
44 608
44 633
45 596
45 615
45 617
46 628
47 598
47 608
47 609
47 618
48 592
48 596
49 589
49 622
50 581
50 595
50 633
50 634
51 628
51 637
52 594
53 591
53 626
53 630
54 640
55 634
56 581
56 587
56 599
56 618
56 625
57 609
57 622
58 575
59 633
60 573
60 587
60 610
60 628
61 590
61 605
61 639
62 588
62 608
63 592
63 618
64 577
64 584
64 597
65 603
65 618
66 604
66 629
67 599
67 640
68 629
69 594
70 579
70 580
70 638
70 641
71 584
71 585
71 596
71 599
71 617
72 588
72 593
73 575
73 592
73 637
74 576
74 592
74 605
74 622
75 612
75 641
76 613
77 574
77 640
78 592
78 601
78 606
79 582
79 605
80 625
80 633
81 586
81 587
82 591
83 633
84 583
84 589
84 599
84 606
85 582
85 599
85 605
85 630
86 575
86 588
86 613
86 617
87 582
87 597
87 603
87 616
87 634
88 593
89 574
89 612
90 580
90 592
90 594
90 595
91 596
91 610
91 622
91 637
92 612
92 641
93 604
94 587
95 576
95 585
96 592
96 634
97 579
97 599
97 641
98 595
98 628
99 583
99 596
99 599
100 625
100 637
101 591
102 606
102 641
103 593
103 596
103 597
104 618
105 584
105 599
106 590
106 605
107 590
107 593
107 597
107 598
107 602
107 612
107 614
107 619
107 631
107 632
108 616
109 604
110 613
111 575
111 580
112 578
112 597
112 620
112 621
113 576
113 588
114 594
114 617
114 628
115 574
115 588
115 597
115 605
115 614
116 574
116 623
117 593
117 621
118 582
118 603
119 620
119 628
120 589
120 596
120 602
120 610
121 591
121 636
122 599
123 620
124 599
124 630
125 625
125 638
126 587
127 588
127 612
128 615
128 618
129 595
129 596
129 599
129 636
130 587
131 599
132 592
132 616
133 592
133 594
133 598
133 608
133 628
134 579
134 618
135 582
135 590
135 596
135 609
135 620
135 623
135 628
135 637
135 638
136 592
136 637
137 581
137 604
137 622
137 629
138 586
138 593
138 597
138 633
139 613
139 618
139 625
140 622
141 584
141 605
142 620
143 588
143 611
144 586
144 615
144 619
144 629
144 636
145 597
145 641
146 577
146 594
146 597
146 599
146 609
146 611
146 618
147 575
147 611
147 619
148 576
148 592
148 593
149 600
149 613
149 618
150 581
150 594
150 599
151 577
151 592
151 594
151 628
152 576
152 588
152 592
153 577
153 583
153 619
154 578
154 584
154 638
155 613
156 614
157 578
158 583
158 594
159 578
160 608
161 576
161 577
161 605
161 609
162 596
163 589
163 598
163 638
164 612
164 634
165 574
165 622
166 580
166 582
166 638
167 589
167 593
167 600
167 607
167 636
167 638
168 606
169 592
169 593
169 599
170 577
171 589
172 588
172 617
173 590
173 604
173 629
174 599
175 587
175 633
176 637
177 609
177 630
178 596
178 611
178 633
179 590
179 594
179 597
179 637
179 638
180 584
181 588
181 630
181 637
182 593
182 628
182 633
183 579
183 592
183 609
183 625
183 628
184 578
184 586
184 596
185 580
185 582
185 602
185 634
186 590
187 598
188 589
188 613
188 636
189 574
189 586
189 601
189 618
190 599
190 633
191 582
191 628
192 589
192 606
192 608
192 610
192 634
193 605
194 634
194 636
195 592
195 612
196 584
196 597
196 622
196 633
197 624
198 619
199 611
200 588
200 638
201 635
202 612
202 625
202 628
203 575
203 618
203 622
204 616
205 616
206 580
206 600
207 615
207 620
208 594
208 609
208 623
209 631
210 592
210 611
210 617
210 618
210 639
211 581
212 637
213 579
213 585
214 580
214 593
214 606
215 583
215 594
215 618
216 590
216 599
216 618
216 633
216 637
217 597
217 623
217 639
218 583
218 624
219 605
219 629
220 582
220 594
220 597
220 635
220 639
221 597
221 598
221 604
221 632
222 588
223 621
224 582
224 595
224 597
225 599
225 612
225 633
225 636
226 622
227 622
228 597
229 578
229 609
230 596
230 597
230 599
230 610
230 633
230 641
231 585
231 589
231 605
231 638
232 594
233 596
233 616
234 574
234 611
235 582
235 609
235 619
235 620
236 606
237 594
238 587
239 598
239 599
239 600
239 623
239 629
240 617
241 595
241 621
241 622
241 641
242 617
243 580
243 582
243 592
243 609
244 598
245 639
246 605
246 622
246 630
247 578
247 592
248 575
248 584
248 593
248 605
248 607
248 633
249 593
249 628
249 635
250 616
250 618
251 641
252 636
252 637
252 641
253 587
253 595
253 633
254 573
254 600
255 598
255 599
255 600
255 611
256 636
257 579
257 639
258 577
258 596
258 599
258 608
258 611
258 612
259 588
260 616
260 633
261 628
262 604
262 625
262 637
263 576
263 632
263 641
264 621
265 625
265 628
266 582
267 595
267 607
268 611
268 625
269 583
269 603
270 582
270 613
270 637
271 603
271 628
272 573
272 584
272 614
272 628
273 588
273 593
273 624
274 595
274 601
274 606
274 637
275 596
275 600
275 622
276 592
276 619
277 591
277 612
278 592
278 598
278 620
279 581
279 623
280 583
280 600
281 587
281 636
282 629
283 603
283 611
283 619
284 596
285 587
286 577
286 578
286 602
286 609
287 597
287 619
288 581
288 610
289 582
289 596
289 599
289 629
289 636
290 587
290 601
290 636
291 579
291 594
291 600
292 601
293 593
293 599
293 636
294 587
294 605
294 610
294 637
295 623
296 575
296 589
296 592
297 578
298 622
299 574
300 591
300 611
301 587
301 606
302 580
303 635
304 634
305 575
305 582
305 591
305 593
306 599
307 605
307 635
308 594
309 577
309 638
310 578
310 636
311 576
312 574
313 587
313 596
313 614
313 622
314 580
314 587
315 597
315 611
316 585
316 602
317 582
317 595
317 601
318 606
318 637
319 580
319 602
319 638
319 641
320 585
320 600
320 637
321 590
321 592
321 599
321 604
321 633
322 618
323 600
323 601
323 636
324 596
324 597
325 622
325 638
326 592
326 638
327 625
327 633
327 639
328 587
328 614
328 619
329 596
329 621
329 633
330 593
330 607
330 625
331 573
332 604
332 622
333 617
334 578
334 592
334 600
334 635
335 585
336 587
336 594
336 607
336 609
336 618
337 577
337 590
337 592
338 577
338 591
338 599
338 600
338 627
338 628
338 631
338 634
339 588
339 589
339 597
339 612
339 622
340 623
341 633
341 641
342 616
343 620
343 641
344 604
344 606
344 609
344 610
345 578
345 606
345 614
345 621
346 588
346 592
346 594
347 580
347 591
347 601
347 641
348 578
349 586
349 593
349 594
349 605
349 641
350 634
351 625
351 635
352 591
352 641
353 582
353 586
354 628
355 594
355 629
356 589
356 592
356 622
357 596
357 607
357 636
358 622
358 630
359 578
359 589
359 598
360 574
361 588
361 590
361 592
361 593
361 617
361 620
362 586
362 612
362 617
363 593
363 611
364 585
365 575
365 594
365 602
366 622
367 590
367 592
367 619
367 640
368 610
369 586
370 593
370 637
371 605
371 624
371 630
372 592
372 614
372 620
372 635
373 588
373 603
373 622
374 615
375 581
375 592
375 598
375 599
375 604
375 605
375 616
376 590
376 611
376 618
377 589
378 583
378 618
378 633
379 580
379 603
380 573
380 637
381 597
381 621
381 638
382 587
382 634
383 604
383 633
384 629
385 586
385 589
385 612
385 617
386 576
386 600
386 616
387 587
387 592
387 606
387 610
387 641
388 597
388 620
389 603
389 605
389 622
390 586
390 611
390 636
390 641
391 581
391 582
391 594
391 606
391 609
391 616
391 622
392 618
392 635
392 641
393 629
394 612
395 599
395 607
396 574
396 578
396 587
396 614
397 629
398 575
398 582
398 587
398 588
398 629
398 641
399 628
399 639
400 577
400 578
400 594
400 603
401 579
401 592
401 613
401 625
402 592
402 607
403 580
403 629
403 641
404 576
405 589
405 614
405 621
405 622
405 623
405 625
406 598
406 612
406 614
406 615
406 619
407 600
407 602
407 636
407 638
408 576
408 593
408 615
408 628
409 592
410 589
410 633
411 588
411 589
411 608
411 609
411 613
411 641
412 574
413 612
413 635
414 594
415 589
415 598
415 633
415 641
416 588
417 637
418 641
419 628
420 586
420 593
420 598
420 630
421 589
422 584
422 593
422 618
422 632
423 596
423 637
424 633
425 610
425 612
426 610
427 573
427 593
427 607
427 624
427 640
428 602
428 626
428 633
428 635
429 576
430 575
430 588
430 607
430 611
430 617
430 641
431 577
431 591
431 597
431 601
431 612
431 621
431 625
431 627
432 603
432 605
432 630
433 624
433 625
434 637
435 598
435 633
436 617
437 590
437 637
438 589
438 597
439 585
439 593
439 605
440 589
440 596
440 604
441 588
441 637
442 597
442 632
443 590
443 619
444 589
445 612
446 597
447 587
447 597
448 575
448 584
449 589
449 594
449 596
449 612
450 577
450 638
451 592
452 598
452 618
452 629
453 616
454 587
455 611
456 613
456 637
457 633
458 594
458 613
458 616
459 597
459 599
459 611
459 637
460 606
460 612
460 637
460 640
461 588
461 590
461 635
462 589
462 620
462 634
462 639
463 579
463 600
464 576
464 611
464 619
464 625
465 586
465 615
465 638
466 585
467 576
467 588
467 590
467 606
468 597
468 606
469 604
470 611
471 592
471 594
471 596
471 598
471 618
472 602
472 638
472 641
473 614
474 575
474 613
475 582
475 633
476 584
476 586
476 610
477 633
478 589
479 597
479 599
479 611
479 613
479 622
479 641
480 595
480 632
481 578
482 587
482 605
482 620
482 629
483 581
484 597
485 574
485 590
486 582
486 588
486 593
487 575
487 628
488 584
488 602
488 624
489 597
489 599
489 606
489 611
489 616
490 575
490 584
490 590
490 638
491 593
491 603
492 574
492 596
493 588
494 574
494 609
495 587
495 619
496 579
496 581
496 599
497 599
497 634
498 578
498 587
498 598
498 605
498 608
498 615
498 626
498 634
499 574
499 604
499 611
500 584
500 586
500 603
500 610
500 622
500 641
501 598
502 577
502 614
503 587
503 592
503 612
503 613
504 613
505 584
506 585
507 629
508 573
509 589
509 590
509 598
509 641
510 624
510 633
511 579
512 580
512 590
512 609
512 611
512 616
513 615
513 628
514 617
515 579
515 617
516 612
517 585
517 595
517 604
517 630
518 602
518 604
518 605
518 633
519 590
520 633
521 603
521 605
521 610
521 629
522 574
522 577
522 590
522 601
522 638
523 588
523 589
523 622
523 628
524 627
525 582
525 590
525 598
526 586
526 598
526 634
527 630
528 589
528 620
529 601
529 632
530 574
530 585
530 586
531 615
531 622
532 614
532 637
533 624
533 637
534 641
535 613
536 581
536 598
536 599
537 583
537 600
537 611
537 613
538 592
538 611
538 612
539 586
539 606
539 638
540 588
541 578
541 633
542 609
543 620
543 640
544 597
544 609
544 613
545 593
546 587
546 612
546 638
547 597
548 581
548 626
549 584
549 624
550 596
551 606
552 582
552 598
552 611
553 616
554 598
554 641
555 600
556 591
556 615
557 578
557 596
557 628
558 573
558 582
558 628
559 629
560 600
560 626
560 635
561 585
561 591
561 622
562 599
562 637
563 613
563 638
564 590
564 633
565 582
565 584
565 592
565 598
565 600
565 626
565 631
566 587
566 592
566 622
567 621
567 625
567 641
568 615
568 616
569 590
569 597
569 605
569 609
569 622
570 576
570 584
570 618
571 581
571 586
571 588
571 608
572 612
