0 975
0 976
0 977
0 978
0 979
0 980
0 981
0 982
0 983
1 983
1 984
1 985
1 986
1 987
1 988
1 989
1 990
1 991
1 992
1 993
1 994
1 995
1 996
1 997
1 998
1 999
1 1000
1 1001
1 1002
1 1003
1 1004
1 1005
1 1006
1 1007
1 1008
1 1009
1 1010
1 1011
1 1012
1 1013
1 1014
1 1015
1 1016
1 1017
1 1018
1 1019
1 1020
1 1021
2 1021
2 1022
2 1023
2 1024
2 1025
2 1026
2 1027
2 1028
2 1029
2 1030
2 1031
2 1032
2 1033
2 1034
2 1035
2 1036
2 1037
2 1038
2 1039
2 1040
2 1041
2 1042
2 1043
2 1044
2 1045
2 1046
2 1047
2 1048
2 1049
2 1050
2 1051
2 1052
2 1053
2 1054
2 1055
2 1056
2 1057
2 1058
2 1059
3 1059
3 1060
3 1061
3 1062
3 1063
3 1064
3 1065
3 1066
3 1067
3 1068
4 1068
4 1069
4 1070
5 1067
5 1068
6 1069
6 1070
6 1071
6 1072
6 1073
6 1074
6 1075
6 1076
6 1077
6 1078
7 1078
7 1079
7 1080
7 1081
7 1082
7 1083
7 1084
7 1085
7 1086
7 1087
7 1088
7 1089
7 1090
7 1091
7 1092
7 1093
7 1094
7 1095
7 1096
7 1097
7 1098
7 1099
7 1100
7 1101
7 1102
7 1103
7 1104
7 1105
7 1106
7 1107
7 1108
7 1109
7 1110
7 1111
7 1112
7 1113
7 1114
7 1115
7 1116
7 1117
8 1077
8 1078
8 1117
8 1118
8 1119
8 1120
8 1121
8 1122
8 1123
8 1124
8 1125
8 1126
8 1127
8 1128
8 1129
8 1130
8 1131
8 1132
8 1133
8 1134
8 1135
8 1136
8 1137
8 1138
8 1139
8 1140
8 1141
8 1142
8 1143
8 1144
8 1145
8 1146
8 1147
8 1148
8 1149
8 1150
8 1151
8 1152
8 1153
8 1154
8 1155
8 1156
8 1157
8 1158
8 1159
8 1160
8 1161
8 1162
8 1163
8 1164
8 1165
8 1166
8 1167
8 1168
8 1169
8 1170
8 1171
8 1172
8 1173
8 1174
8 1175
8 1176
8 1177
8 1178
8 1179
8 1180
8 1181
8 1182
8 1183
8 1184
8 1185
8 1186
8 1187
9 1015
9 1022
9 1023
9 1024
9 1025
9 1187
9 1188
9 1189
9 1190
9 1191
9 1192
10 1014
11 1191
11 1192
11 1193
11 1194
11 1195
11 1196
11 1197
11 1198
11 1199
11 1200
11 1201
12 1201
12 1202
12 1203
13 971
13 1203
13 1204
13 1205
13 1206
13 1207
13 1208
13 1209
13 1210
13 1211
13 1212
13 1213
13 1214
13 1215
13 1216
13 1217
13 1218
14 1155
14 1156
14 1218
14 1219
15 1012
15 1013
15 1014
15 1015
16 1069
17 1006
17 1007
17 1017
17 1018
17 1215
17 1216
18 1216
18 1217
18 1218
18 1219
18 1220
19 1215
19 1216
19 1217
19 1218
19 1219
19 1220
19 1221
19 1222
19 1223
19 1224
20 1214
20 1215
20 1216
20 1217
20 1218
20 1224
20 1225
20 1226
20 1227
21 1213
21 1214
21 1215
21 1216
21 1217
22 1212
22 1213
22 1214
22 1215
22 1216
22 1226
22 1227
22 1228
22 1229
22 1230
22 1231
22 1232
22 1233
22 1234
22 1235
22 1236
22 1237
22 1238
22 1239
22 1240
22 1241
22 1242
22 1243
22 1244
22 1245
22 1246
22 1247
22 1248
22 1249
22 1250
22 1251
22 1252
22 1253
22 1254
22 1255
22 1256
22 1257
22 1258
22 1259
22 1260
22 1261
22 1262
22 1263
22 1264
22 1265
22 1266
22 1267
23 1211
23 1212
23 1213
23 1214
23 1215
24 1266
24 1267
25 1267
25 1268
26 1266
26 1267
26 1268
26 1269
26 1270
26 1271
26 1272
26 1273
27 1265
27 1266
27 1267
27 1268
27 1269
27 1270
27 1273
27 1274
27 1275
27 1276
27 1277
27 1278
28 1032
28 1033
28 1278
28 1279
28 1280
28 1281
28 1282
28 1283
28 1284
28 1285
28 1286
28 1287
28 1288
28 1289
28 1290
28 1291
28 1292
28 1293
28 1294
28 1295
28 1296
28 1297
28 1298
28 1299
28 1300
29 1300
29 1301
30 1042
30 1299
30 1300
30 1301
30 1302
30 1303
31 1298
31 1299
31 1303
31 3054
31 3055
32 1173
32 1174
32 1175
32 1176
32 1177
32 1186
32 1187
32 1303
32 1304
32 1305
32 1306
32 1307
32 1308
32 1309
32 1310
32 1311
32 1312
32 1313
32 1314
32 1315
32 1316
32 1317
32 1318
32 1319
32 1320
32 1321
32 1322
32 1323
32 1324
32 1325
32 1326
32 3046
33 1167
33 1177
33 1184
33 1185
33 1186
33 1310
33 1311
33 1326
33 1327
33 1328
33 1329
33 1330
33 1331
33 1332
33 1333
33 1334
33 1335
33 1336
33 1337
33 1338
33 1339
33 1340
33 1341
33 1342
33 1343
33 1344
34 1176
35 990
35 991
35 992
35 993
35 995
35 996
35 997
35 1014
35 1015
35 1016
35 1017
35 1159
35 1160
35 1161
35 1163
35 1164
35 1343
36 989
36 990
36 991
36 992
36 1343
36 1344
36 1345
37 988
37 989
37 990
37 991
37 1004
37 1005
37 1006
37 1007
37 1008
37 1342
37 1343
37 1344
37 1345
38 1048
38 1049
38 1050
38 1051
38 1052
38 1053
38 1345
38 1346
38 1347
38 1348
38 1349
38 1350
38 1351
39 1351
39 1352
39 1353
39 1354
39 1355
39 1356
39 1357
39 1358
39 1359
39 1360
40 1360
40 1361
40 1362
40 1363
40 1364
40 1365
41 1365
41 1366
41 1367
41 1368
42 1367
42 1368
42 1369
42 3016
42 3017
43 1024
43 1284
43 1285
44 1364
44 1365
44 1366
44 1367
44 1368
44 1369
44 1370
44 1371
44 1372
44 3024
45 1191
45 1192
45 1193
45 1372
45 1373
45 1374
45 1375
45 1376
45 1377
45 1378
45 1379
45 1380
45 1381
45 1382
45 1383
45 1384
45 1385
45 1386
45 1387
45 1388
45 1389
45 1390
45 1391
46 1009
46 1010
46 1391
47 1391
47 1392
47 1393
47 1394
47 1395
47 1396
48 1396
48 1397
48 1398
48 1399
48 1400
48 1401
48 1402
48 1403
49 1032
49 1033
49 1034
49 1035
49 1036
49 1037
49 1403
49 1404
50 1404
51 1152
51 1153
51 1154
51 1404
52 1404
52 1405
53 1405
54 1404
54 1405
54 1406
55 993
55 1406
55 1407
55 3018
56 1302
56 1303
56 1407
56 1408
56 1409
56 3017
57 3016
58 1274
59 1406
60 1406
60 1407
60 1408
60 1409
61 1409
61 1410
61 1411
61 1412
61 1413
61 1414
61 1415
61 1416
62 1415
62 1416
62 1417
62 1418
62 1419
62 1420
62 1421
62 1422
62 1423
62 1424
62 1425
62 1426
62 1427
62 1428
62 1429
62 3038
62 3039
63 1429
63 1430
64 1134
64 1135
64 1136
64 1264
64 1265
65 1429
66 1429
66 1430
66 1431
66 1432
66 1433
66 1434
66 1435
66 1436
66 1437
66 1438
66 1439
66 1440
66 1441
66 1442
66 1443
66 1444
66 1445
66 1446
66 1447
66 1448
67 1448
67 1449
67 1450
67 1451
67 1452
68 1452
68 1453
68 1454
68 1455
68 1456
68 1457
68 1458
68 1459
68 1460
68 1461
68 1462
68 1463
68 1464
68 1465
68 1466
68 1467
68 1468
68 1469
68 1470
68 1471
68 1472
68 1473
68 1474
68 1475
68 1476
68 1477
68 1478
68 1479
68 1480
68 1481
68 1482
68 1483
69 1483
69 1484
69 1485
70 1051
70 1052
70 1053
70 1054
70 1482
70 1483
70 1484
70 1485
70 1486
70 1487
70 1488
70 1489
70 1490
70 1491
70 1492
70 1493
71 1492
72 1491
72 1492
72 1493
73 989
74 1487
74 1491
74 1492
74 1493
75 1301
75 1302
75 1375
75 1376
75 1492
75 1493
75 1494
75 1495
75 1496
75 1497
75 1498
75 1499
75 1500
75 1501
75 1502
75 1503
75 1504
75 1505
75 1506
76 1127
76 1128
76 1129
76 1506
76 1507
77 1126
77 1127
77 1128
77 2994
77 2995
78 1247
79 1246
80 1245
81 1244
81 1502
81 1503
81 1504
82 1243
83 1242
84 1499
84 1500
84 1501
84 1502
84 1503
85 1501
85 1502
85 1503
85 1504
86 1497
86 1498
86 1499
86 1500
86 1501
87 1496
87 1497
87 1498
87 1503
87 1504
88 1495
88 1496
88 1497
89 1101
89 1102
89 1103
89 1109
89 1240
89 1241
89 1494
89 1495
89 1496
89 1503
89 1504
89 1505
89 1506
89 1507
89 1508
90 1493
90 1494
90 1495
90 1508
90 1509
91 1492
91 1493
91 1494
92 1491
92 1492
92 1493
93 1103
93 1104
94 1506
94 1507
94 1508
94 1509
94 1510
94 1511
94 1512
95 1512
95 1513
96 1511
96 1512
96 1513
96 1514
96 1515
97 1151
97 1152
98 1150
98 1151
98 1157
98 1158
98 1159
98 1160
99 1364
99 1365
100 1042
100 1044
100 1045
100 1046
100 1064
100 1071
100 1512
100 1513
100 1514
100 1515
100 1516
100 1517
101 1103
101 1104
101 1295
101 1296
101 1297
101 1345
101 1517
101 1518
101 1519
101 1520
101 1521
101 1522
101 1523
101 1524
101 1525
101 1526
101 1527
102 1488
102 1527
102 1528
103 1297
103 1298
103 1299
103 1528
103 1529
103 1530
103 1531
103 1532
103 1533
103 1534
103 1535
103 1536
103 1537
103 1538
104 1538
104 1539
105 1537
106 1536
106 1538
106 1539
107 1535
108 1089
108 1090
108 1091
108 1525
108 1538
108 1539
108 1540
108 1541
108 1542
108 1543
108 1544
109 1524
109 3033
109 3034
110 1543
111 1281
111 1282
111 1283
111 1284
111 1543
111 1544
111 1545
111 1546
111 1547
111 1548
111 1549
111 1550
111 1551
111 1552
111 1553
111 1554
111 1555
111 1556
111 1557
112 1557
112 1558
112 1559
112 1560
112 1561
112 1562
112 1563
112 1564
113 1562
113 1563
114 1563
115 1563
115 1564
115 1565
115 1566
116 1563
116 1564
116 1565
117 1564
118 1563
119 1365
119 1528
119 1563
119 1564
119 1565
119 1566
119 1567
119 1568
119 1569
119 1570
119 1571
119 1572
119 1573
119 1574
120 3014
120 3015
121 1573
121 1574
121 1575
121 1576
122 1576
122 1577
122 1578
123 1486
123 1509
123 1510
123 1511
123 1575
123 1578
123 1579
123 1580
123 1581
123 1582
124 1161
124 1162
124 1582
124 1583
124 1584
124 2945
124 2946
125 1583
125 1584
125 1585
125 1586
125 1587
125 1588
125 1589
125 1590
126 1590
126 1591
126 1592
126 1593
126 1594
126 1595
126 1596
126 1597
126 1598
126 1599
126 1600
126 1601
126 1602
126 1603
126 1604
127 1603
127 1604
127 1605
127 1606
128 1605
128 1606
128 1607
128 1608
128 1609
129 1070
129 1071
129 1211
129 1212
129 1213
129 1214
130 1603
130 1604
130 1605
130 1606
130 1607
130 1608
130 1609
130 1610
131 1412
131 1413
131 1414
132 1183
133 1319
133 1320
133 1607
133 1608
133 1609
133 1610
133 1611
133 1612
134 1368
134 1369
134 1610
134 1611
134 1612
134 1613
134 1614
134 1615
134 1616
134 1617
134 1618
134 1619
134 1620
135 1577
135 1578
136 1609
136 1610
136 1611
137 1618
137 1619
138 1618
138 1619
138 1620
138 1621
138 1622
138 1623
138 1624
139 1178
140 1622
140 1623
141 1052
141 1621
141 1622
141 1623
141 1624
141 2902
142 1494
142 1495
142 1496
142 1624
142 1625
142 1626
142 1627
142 1628
142 1629
142 1630
142 1631
142 1632
143 1051
143 1052
144 1631
144 1632
144 1633
144 1634
144 1635
144 1636
145 1443
145 1444
145 1445
145 1636
145 1637
145 1638
145 1639
145 1640
145 1641
146 1171
146 1172
147 1170
147 1171
147 1640
147 1641
148 1030
148 1031
148 1032
148 1618
148 1619
149 1639
150 1638
150 1639
150 1640
150 1641
150 1642
151 1211
151 1212
151 1412
151 1413
151 1414
151 1415
151 1472
151 1473
151 1637
151 1638
151 1639
151 1640
151 1641
151 1642
151 1643
151 1644
151 1645
151 1646
151 1647
151 1648
151 1649
151 1650
151 1651
151 1652
151 1653
151 1654
151 1655
151 1656
151 1657
151 1658
151 1659
151 1660
152 1660
152 1661
152 1662
152 1663
152 1664
153 1117
154 1039
154 1040
154 1168
154 1169
154 1635
154 1636
154 1663
154 1664
154 1665
155 1338
155 1339
155 1511
155 1512
156 1320
157 1663
157 1664
158 1577
159 1226
159 1227
159 1228
160 1430
160 1431
160 1432
161 1160
161 1661
161 1662
161 1663
162 1663
163 1103
163 1543
163 1544
163 1643
163 1644
163 1662
163 1663
163 1664
163 1665
163 1666
163 1667
163 1668
163 3007
163 3008
163 3009
163 3010
163 3022
163 3023
163 3024
163 3025
163 3026
164 1572
164 1573
164 1668
164 1669
164 1670
164 1671
164 1672
164 1673
164 1674
164 1675
164 1676
164 1677
164 1678
164 1679
164 1680
164 1681
164 1682
164 1683
164 1684
164 1685
164 1686
164 1687
165 1015
165 1016
165 1017
165 1153
165 1154
165 1182
165 1183
165 1687
165 1688
165 1689
165 1690
165 1691
165 1692
166 1466
166 1692
166 1693
167 1173
167 1174
167 1175
167 1176
167 1177
168 1172
168 1173
168 1174
168 1175
168 1176
169 1023
169 1165
169 1166
169 1167
169 1168
169 1171
169 1172
169 1173
169 1174
169 1175
169 1266
169 1413
169 1414
169 1415
169 1688
169 1691
169 1692
169 1693
169 1694
169 1695
169 1696
169 1697
170 1170
170 1171
170 1172
170 1173
170 1174
170 1194
170 1252
170 1253
170 1337
170 1338
170 1697
170 1698
170 1699
170 1700
170 1701
170 1702
170 1703
171 1221
171 1222
171 1703
171 1704
172 1555
172 1556
172 1557
172 1558
172 1559
172 1704
172 1705
172 1706
172 1707
172 1708
172 1709
173 1142
173 1709
173 1710
173 1711
174 1711
174 1712
175 1710
175 1711
175 1712
175 1713
175 1714
175 1715
175 3024
175 3027
175 3028
175 3029
175 3030
175 3031
176 1459
176 1714
177 1554
178 1271
178 1272
179 1712
179 1713
179 1714
180 1630
180 1631
181 1251
181 1384
181 1385
182 1250
183 1249
184 1248
185 1247
185 1709
185 1710
186 1246
187 1157
187 1158
188 1396
188 1397
188 1398
189 2870
190 2997
190 2998
190 2999
190 3000
191 1384
192 1384
192 1385
193 1702
193 2866
193 2867
193 2868
194 3025
194 3026
195 1701
196 2998
196 3001
196 3002
196 3003
196 3004
196 3005
197 2997
197 3000
197 3001
197 3002
197 3003
197 3004
198 2996
198 2999
198 3000
198 3001
198 3002
198 3003
199 2995
199 2998
199 2999
199 3000
199 3001
199 3002
200 3002
200 3003
201 1693
202 1284
202 1285
202 3002
202 3003
202 3004
202 3005
203 3004
203 3005
203 3006
203 3007
204 1296
204 1297
204 1298
204 1306
204 1307
204 1308
204 1309
204 1320
204 1689
205 3001
205 3002
205 3003
205 3004
206 1003
206 1004
206 1005
207 976
207 977
207 1117
207 1118
207 1119
207 1120
208 1484
209 982
209 983
209 984
209 985
210 1574
211 1682
211 1683
211 1684
211 1685
212 969
212 1122
212 1123
212 1684
212 1685
212 1686
212 1687
212 1688
212 1689
212 1690
212 1691
212 1692
212 1693
212 1694
212 1695
212 1696
212 1697
212 1698
213 1698
214 1583
214 1584
214 1585
214 1698
214 1699
214 1700
214 1701
215 1162
215 1163
215 1164
215 1249
216 1395
216 1396
217 1037
217 1394
217 1395
217 1597
217 1598
218 1393
218 1394
219 1056
219 1057
220 1215
220 1216
220 2834
220 2835
220 2836
220 3044
220 3045
220 3046
221 994
221 995
222 1138
222 1139
222 1140
222 1141
222 1343
222 1344
222 1581
222 1690
223 1071
223 2928
223 2929
223 2935
223 2944
224 1247
224 1248
224 1604
224 1689
224 1690
224 1691
224 1692
225 3048
225 3049
226 3047
226 3048
227 3046
227 3047
228 1035
229 1568
229 1569
229 1685
230 2972
230 2973
230 2974
231 1375
232 2972
232 2973
233 1413
233 1414
233 1680
234 1680
234 1681
234 1682
234 2812
234 2813
234 2814
235 1174
236 1142
236 1680
236 1681
236 1682
236 1683
237 1497
237 1498
237 1499
237 1682
238 1496
238 1497
238 1498
239 1495
239 1496
239 1497
239 3015
239 3016
239 3017
240 1048
240 1049
241 1156
241 1157
241 1158
241 1679
241 1680
241 1681
241 1682
241 1683
241 1684
241 1685
241 1686
241 1687
241 1688
241 1689
242 1170
243 1640
243 1641
243 2866
243 2867
244 1656
244 1687
244 1688
244 1689
245 1689
245 1690
246 1317
246 1318
246 1690
246 1691
247 1405
248 2793
248 2794
248 2795
249 2809
250 2808
251 2807
252 2806
253 2805
254 1683
254 1684
254 2961
254 2962
255 2957
255 2958
256 1041
257 1040
258 1254
258 1255
258 1256
258 1611
258 1612
258 1613
258 1679
259 1263
259 1264
259 1265
260 1262
260 1263
260 1264
260 2835
260 2836
260 2837
260 2838
261 1440
261 1619
261 1620
261 1677
261 1678
261 1679
262 1618
262 1619
263 2863
264 1185
264 1676
264 1677
264 1678
264 1679
265 1373
265 1374
266 1001
266 1002
266 1346
266 1678
266 2774
266 2775
266 2776
267 2773
267 2774
267 2775
268 1340
268 1643
268 1673
268 1674
268 2885
269 1496
269 1497
269 1498
270 1324
271 1497
271 1498
271 1499
271 1500
272 1670
272 1671
272 1672
272 1673
273 1672
273 1673
273 1674
273 1675
273 1676
273 1677
274 2727
274 2728
275 2761
275 2762
275 2763
276 2760
276 2761
276 2762
277 2858
277 2859
277 2992
278 1335
278 1336
278 1337
278 1338
278 1339
278 1340
279 1659
279 1660
280 1669
280 1670
280 1671
281 1606
281 2904
281 2905
281 2906
282 1623
283 1577
284 1576
285 988
285 989
285 994
285 995
285 1002
285 1003
286 1001
286 1002
287 1123
287 1124
288 1420
288 1421
288 1422
288 1423
289 3009
289 3010
290 1165
290 1166
290 1454
290 1455
290 1456
290 2815
291 1163
291 1164
291 1656
292 1162
292 1163
293 1161
293 1162
294 1160
294 1161
295 1159
295 1160
296 1158
296 1159
297 1002
297 1003
297 1551
297 1552
297 1553
297 1651
298 1557
298 1558
298 1559
298 2705
299 1650
299 1651
299 1652
299 1653
299 2744
299 2745
300 1435
300 1469
300 1470
300 1471
300 1653
300 1654
300 1655
300 1656
301 1552
302 2879
302 2880
302 2881
303 2878
303 2879
303 2880
304 2822
304 2823
305 1651
305 1652
306 1643
307 1642
308 1641
309 1640
310 1402
310 1403
310 2987
311 2799
312 1155
312 1156
312 1157
312 1162
312 1163
312 1165
312 1166
312 1167
312 1168
312 1179
312 1644
312 1645
312 1646
312 1647
312 1648
312 1649
312 1650
312 1651
313 1368
313 1369
313 1370
314 1640
314 1641
314 1650
314 1651
315 1651
315 1652
315 1653
316 1089
316 1090
316 1650
316 1653
317 1406
317 1407
318 1219
318 1259
319 1218
320 1077
320 1078
320 1624
320 1650
320 1651
320 1652
320 1653
320 1654
320 1655
320 1656
320 1657
321 1479
322 1310
323 1654
324 1018
324 1019
324 1020
325 1017
325 1018
325 1019
326 1296
326 1297
327 1010
327 1011
327 1012
327 1013
328 1355
328 1356
328 1357
328 1358
328 1359
328 1527
328 1649
329 1190
329 1191
329 1192
329 1193
330 1102
330 3038
330 3039
331 1226
331 1227
331 1228
331 1229
332 970
332 971
332 1645
332 1646
333 1280
333 1281
333 1614
334 1645
334 1646
334 1647
334 1648
334 1649
334 1650
334 2794
335 1645
335 1646
335 1647
335 1648
336 1127
336 1128
336 1129
336 1137
336 1138
336 1139
336 1140
337 1147
338 1248
339 1639
339 1640
340 1638
340 1639
340 1644
340 1645
340 1646
341 1637
341 1638
342 1636
342 1637
342 1638
342 1639
342 1640
342 1641
343 1424
343 1425
343 1644
343 1645
343 1646
343 2906
343 2907
343 2908
343 2909
343 2910
343 2911
344 1646
344 2881
345 2891
345 2892
345 2893
346 1106
346 1107
346 1644
346 1645
346 1646
346 1647
346 1648
346 1649
346 1650
346 1651
347 1579
347 1580
347 1581
347 1582
348 1568
348 1650
348 1651
348 1652
348 2639
348 2640
349 1652
349 1653
350 1450
351 1066
351 1067
352 963
352 964
352 1651
352 1652
353 1326
353 1327
353 1328
353 1329
353 1330
353 2862
354 1320
354 1321
354 1322
354 2832
354 2833
355 1529
355 1530
355 1531
355 1587
355 1647
355 2785
355 2786
355 2787
355 2788
356 1338
356 1339
356 1340
356 1341
356 1413
356 1414
356 2804
356 2805
356 2806
356 2807
357 2894
358 1564
358 1565
358 1566
358 1567
358 1644
359 2872
359 2873
359 2874
360 1007
360 1008
360 1009
361 2927
361 2928
361 2929
361 2930
362 1640
362 3053
363 1363
363 1364
363 1365
363 2921
363 2922
363 2923
363 2924
364 1552
364 1553
364 1554
364 1555
365 1544
366 1586
366 1587
366 1632
366 1633
366 1634
366 1635
366 1636
366 1637
366 1638
366 1639
367 1631
367 1632
367 1633
367 1634
367 1635
367 1636
368 1630
368 1631
368 1632
368 1633
368 1634
368 1635
369 1629
369 1630
369 1631
369 1632
369 1633
369 1634
370 1628
370 1629
370 1630
370 1631
370 1632
370 1633
371 1627
371 1628
371 1629
371 1630
371 1631
371 1632
372 1345
373 1469
374 2980
374 2981
375 1502
375 1503
375 1504
376 1283
376 1284
376 1285
376 1286
377 1027
377 1028
378 1449
378 1450
378 1451
379 1598
379 1599
379 2918
380 1202
380 1203
380 1206
380 1207
380 1208
380 1209
381 1209
381 1210
381 2960
381 2961
382 1619
383 1105
383 1106
383 1107
384 1104
384 1105
384 1106
385 1506
386 1495
386 2725
387 2663
387 2664
387 2665
387 2666
387 2667
388 2662
388 2663
388 2664
388 2665
388 2666
389 2844
389 2845
390 1296
390 1297
390 1298
390 3048
391 1348
391 1349
392 1289
392 1290
392 1291
392 1292
393 1203
393 1204
393 1205
394 1497
394 2765
394 2766
395 1440
396 1003
396 1004
396 1545
396 1546
396 1603
396 2812
396 2813
396 2814
396 2815
396 2816
396 2817
396 2997
396 2998
396 3041
396 3042
397 1127
397 1128
397 1129
398 1542
398 1543
399 989
399 990
399 991
400 1200
400 1201
401 1199
401 1200
401 3010
401 3011
401 3012
401 3013
402 1349
402 1350
403 1255
403 1256
403 1257
403 1258
403 1259
404 1254
404 1255
404 1256
404 1257
404 1258
405 990
405 991
405 2866
405 2867
405 2868
405 2869
406 1590
407 1554
407 3001
407 3002
407 3003
407 3004
408 2650
408 2651
409 2818
409 2819
409 2820
409 2821
410 982
410 983
410 2701
411 2792
411 2793
411 2794
412 2975
413 1232
413 1233
413 1234
413 1235
414 1578
414 1579
415 1579
416 1577
417 1577
417 1578
418 1574
418 1575
419 1573
420 1573
420 1574
421 1574
422 1574
422 1575
422 1576
423 1576
424 1576
425 1576
425 1577
426 1577
426 1578
426 1579
427 1579
427 1580
427 1581
428 1580
429 1580
429 1581
429 1582
429 1583
429 1584
429 1585
429 1586
430 1585
430 1586
430 1587
430 1588
430 1589
430 1590
430 1591
430 1592
431 1584
431 1585
432 1591
432 1592
432 1593
432 1594
432 1595
432 1596
433 1596
433 1597
434 1597
434 1598
434 1599
434 1600
434 1601
434 1602
434 1603
434 1604
434 1605
435 1605
436 1605
436 1606
436 1607
436 1608
437 1608
437 1609
438 1609
438 1610
438 1611
438 1612
438 1613
439 1569
439 1570
440 1609
441 1609
441 1610
442 1610
443 1610
443 1611
443 1612
444 1612
444 1613
445 1610
445 1611
445 1612
445 1613
446 1613
446 1614
447 1614
447 1615
448 1615
448 1616
448 1617
449 1617
449 1618
449 1619
449 1620
449 1621
449 1622
450 1622
451 1619
451 1620
452 1620
452 1621
452 1622
453 1620
454 1617
454 1618
454 1619
454 1620
455 1620
456 1618
456 1619
457 1618
457 1619
457 1620
457 1621
457 1622
457 1623
457 1624
458 1623
458 1624
459 1577
460 1622
460 1623
461 1622
461 1623
461 1624
462 1624
462 1625
462 1626
463 1009
463 1626
463 1627
463 1628
463 1629
463 1630
464 1630
464 1631
465 1631
466 1630
466 1631
466 1632
466 1633
466 1634
466 1635
466 1636
466 1637
467 1635
468 1635
469 1635
470 1635
471 1634
472 1634
472 1635
472 1636
472 1637
472 1638
473 1638
474 1638
474 1639
474 1640
474 1641
475 1602
475 1603
476 1640
476 1641
476 1642
477 1372
477 1642
477 1643
477 1644
477 1645
477 1646
478 1646
478 1647
478 1648
479 1648
480 1595
480 1596
481 1492
481 1498
481 1647
481 1648
481 1649
481 1650
481 1651
481 1652
482 1652
482 1653
483 1653
484 1650
485 1650
485 1651
485 1652
486 1475
486 1476
487 1651
487 1652
487 1653
487 1654
488 1654
488 1655
489 1653
489 1654
489 1655
490 1655
490 1656
491 1655
491 1656
492 1656
492 1657
492 1658
493 1658
493 1659
494 1659
494 1660
495 1660
496 1659
496 1660
496 1661
496 1662
496 1663
497 1663
497 1664
498 1530
498 1531
499 1663
500 1662
500 1663
500 1664
501 1663
501 1664
501 1665
502 1664
503 1664
504 1664
505 1662
505 1663
506 1663
506 1664
507 1662
507 1663
507 1664
507 1665
507 1666
507 1667
507 1668
507 1669
507 1670
508 1669
508 1670
508 1671
508 1672
508 1673
509 1673
509 1674
509 1675
509 1676
509 1677
509 1678
510 1678
511 1678
511 1679
512 1679
513 1676
513 1677
513 2985
514 1677
514 1678
515 1678
516 1508
516 1509
516 1510
516 1511
517 1677
518 1524
518 1525
519 1676
519 1677
519 1678
519 1679
519 1680
519 1681
520 1681
520 1682
520 1683
521 1683
521 1684
521 1685
522 1685
523 1685
523 1686
523 1687
524 1627
524 1628
524 1629
524 1687
524 1688
525 1688
525 1689
526 1688
526 1689
527 1673
527 1674
527 1675
528 1307
528 1577
528 1578
528 1579
528 1580
528 1581
528 1688
528 1689
529 1689
529 1690
529 1691
530 1691
531 1691
531 1692
531 1693
531 1694
531 1695
531 1696
531 1697
531 1698
531 1699
531 1700
531 1701
531 1702
531 1703
531 1704
531 1705
531 1706
532 1706
532 1707
532 1708
533 1707
533 1708
533 1709
533 1710
533 1711
533 1712
533 1713
534 1713
535 1713
536 1712
537 1711
537 1712
538 1712
538 1713
539 1713
539 1714
539 1715
540 1632
540 1633
540 1634
540 1635
540 1636
541 1714
541 1715
542 1715
542 1716
543 1546
543 1547
543 1548
543 1549
543 1550
543 1716
543 1717
544 1717
545 1717
545 1718
546 1718
546 1719
547 1718
547 1719
547 1720
548 1719
548 1720
548 1721
548 1722
549 1406
549 1407
550 1655
550 1656
551 1718
552 1718
553 1647
553 1648
553 1649
554 1716
554 1717
554 1718
554 1719
554 1720
554 1721
555 1587
555 1588
555 1589
556 1720
557 1676
557 1677
557 1678
557 1679
557 1680
557 1681
557 1682
558 1719
559 1719
560 1718
561 1400
561 1401
561 1402
562 1717
562 1718
563 1717
563 1718
564 1717
565 1717
566 1717
566 1718
566 1719
567 1718
568 1718
568 1719
568 1720
569 1466
569 1467
569 1720
570 1720
570 1721
570 1722
570 1723
570 1724
571 1723
571 1724
571 1725
571 1726
572 1478
572 1479
572 1726
572 1727
572 1728
572 1729
572 1730
573 1399
573 1400
573 1401
573 1402
573 1403
573 1404
574 1728
575 1728
576 1728
577 1727
578 1726
579 1725
579 1726
580 1725
580 1726
581 1724
581 1725
582 1584
583 1724
584 1721
585 1721
585 1722
586 1722
587 1722
588 1722
588 1723
588 1724
589 1724
590 1724
590 1725
590 1726
590 2335
591 1726
591 1727
591 1728
591 1729
591 1730
592 1730
592 1731
592 1732
592 1733
592 1734
593 1349
594 1730
595 1730
596 1728
597 1727
598 1727
598 1728
598 1729
598 1730
598 1731
598 1732
598 1733
599 1727
600 1724
600 1725
600 1726
600 1727
601 1726
602 1726
602 1727
602 1728
603 1728
603 1729
604 1729
605 1615
605 1616
606 1727
606 1728
607 1728
607 1729
607 1730
608 1730
608 1731
608 1732
608 1733
608 1734
609 1734
609 1735
610 1735
610 1736
611 1736
612 1736
613 1734
613 1735
613 1736
613 1737
614 1736
614 1737
614 1738
614 1739
614 1740
614 1741
614 1742
615 1742
616 1742
616 1743
616 1744
617 1744
618 1744
619 1743
620 1743
621 1291
621 1292
621 1293
622 1742
622 1743
622 1744
622 1745
623 1745
624 1744
624 1745
625 1745
625 1746
625 1747
625 1748
626 1741
627 1746
627 1747
627 1748
628 1748
629 1310
629 1311
629 1312
629 1313
629 1314
629 1315
630 1747
630 1748
630 1749
631 1654
632 1747
632 1748
633 1746
633 1747
633 1748
633 1749
633 1750
633 1751
633 1752
633 1753
633 1754
633 1755
633 1756
634 1755
634 1756
634 1757
634 1758
634 1759
635 1759
635 1760
635 1761
636 1761
637 1761
637 1762
637 1763
637 1764
637 1765
637 1766
638 1766
638 1767
638 1768
638 1769
638 1770
638 1771
639 1599
639 1600
639 1771
639 1772
640 1664
640 1665
640 1666
640 1667
640 1668
640 1669
640 1670
641 1713
642 1769
643 1768
644 1573
644 1574
644 1575
645 1601
646 1762
647 1638
647 1639
647 1640
648 1553
648 1554
649 1758
650 1267
650 1268
651 1757
652 1550
652 1551
653 1756
654 1756
655 1755
656 1429
656 1430
657 1753
658 1752
658 1753
658 1754
659 1754
659 1755
660 1755
660 1756
661 1756
661 1757
662 1545
662 1546
662 1547
663 1755
663 1756
663 1757
663 1758
664 1756
665 1606
666 1753
666 1754
667 1754
667 1755
667 1756
667 1757
668 1756
668 1757
668 1758
669 1758
670 1758
670 1759
671 1540
671 1541
671 1542
671 1759
671 1760
672 1385
672 1386
672 1387
673 1757
673 1758
673 1759
673 1760
673 1761
673 1762
674 1762
674 1763
675 1763
676 1762
676 1763
677 1763
678 1763
678 1764
678 1765
678 1766
678 1767
678 1768
678 1769
678 1770
679 1770
680 1770
680 1771
680 1772
680 1773
680 1774
681 1773
682 1772
683 1772
684 1772
685 1772
686 1771
686 1772
687 1263
687 1264
687 1265
687 1266
688 1771
689 1770
689 1771
690 1429
690 1430
690 1431
690 1432
690 1433
690 1434
690 1770
691 1725
691 1726
691 1727
692 1769
693 1769
694 1769
694 1770
695 1769
695 1770
696 1770
697 1769
698 2494
699 1767
699 1768
700 1767
701 1552
702 1765
702 1766
702 1767
702 1768
703 1768
703 1769
703 1770
704 1770
705 2485
706 1758
706 1759
707 1677
708 1767
708 1768
708 1769
709 1769
709 1770
709 1771
709 1772
710 1193
710 1194
710 1195
710 1196
710 1197
710 1198
711 1769
712 1399
713 1485
713 1486
713 1487
714 1763
714 1764
715 1550
715 1764
716 1624
716 1625
716 1764
716 1765
717 1765
718 1765
718 1766
719 1766
720 1766
721 1766
722 1766
722 1767
722 1768
723 1768
723 1769
724 1769
725 1447
725 1448
726 1767
726 1768
727 2736
728 1256
728 1257
728 1258
729 1663
729 1664
729 1665
729 1666
730 1763
730 1764
731 1764
731 1765
732 1765
732 1766
733 1766
734 1531
734 1532
734 1533
734 1534
734 1535
734 1536
734 1537
735 1299
736 1764
736 1765
737 1765
738 1539
739 1315
739 1316
739 1490
740 1642
740 1643
741 1760
742 1760
743 1635
744 1758
744 1759
744 1760
744 1761
744 1762
744 1763
744 1764
744 1765
745 1765
746 1764
746 1765
746 1766
746 1767
747 1767
747 1768
748 1768
748 1769
748 1770
748 1771
749 1771
749 1772
750 1772
750 1773
751 1355
751 1356
751 1357
752 1771
752 1772
753 1772
753 1773
754 1773
754 1774
754 1775
754 1776
754 1777
754 1778
755 1778
755 1779
756 1779
757 1779
758 1779
759 1779
759 1780
759 1781
760 1781
760 1782
760 1783
761 1783
762 1782
763 1780
763 1781
763 1782
763 1783
763 1784
764 1784
765 1784
765 1785
766 1784
767 1783
768 1783
768 1784
769 1784
769 1785
770 1190
770 1191
770 1192
770 1785
770 1786
770 1787
771 1787
771 1788
771 1789
772 1408
772 1409
772 1410
772 1789
773 1659
773 1660
773 1789
773 1790
773 1791
773 1792
773 1793
774 1793
774 1794
775 1794
775 1795
775 1796
776 1796
777 1544
777 1545
777 1546
778 1794
778 1795
778 1796
779 1643
779 1644
779 1645
779 1646
780 1232
781 1792
782 1720
782 1721
782 1722
783 1791
783 1792
784 1610
784 1611
785 1791
785 1792
786 1792
786 1793
786 1794
786 1795
787 1703
788 1794
789 1793
789 1794
789 1795
789 1796
789 1797
790 1797
791 1797
791 1798
792 1798
792 1799
792 1800
792 1801
792 1802
793 1228
794 1457
794 1458
794 1459
794 1460
794 1461
794 1462
794 1463
795 1661
795 1662
795 1663
796 1798
796 1799
796 1800
797 1794
797 1795
797 1796
797 1800
797 1801
797 1802
797 1803
798 1055
798 1056
798 1057
799 1366
799 1367
799 1368
799 1434
799 1435
799 1436
799 1801
800 1511
800 1512
800 1513
800 1514
801 1800
801 1801
801 1802
801 1803
801 1804
801 1805
801 1806
802 1501
803 1805
803 1806
804 1806
804 1807
804 1808
805 1506
805 1507
805 1508
805 1509
806 1807
807 1807
807 1808
808 1808
808 1809
809 1565
809 1809
810 1809
810 1810
811 1755
812 1805
813 1804
814 1804
814 1805
814 1806
815 1032
815 1033
815 1034
816 1805
816 1806
817 1758
817 1759
817 1760
817 1761
817 1762
818 1500
818 1501
818 1804
818 1805
819 1803
820 1166
820 1167
820 1168
820 1169
820 1803
820 1804
821 1085
821 1086
821 1087
821 1804
821 1805
821 1806
821 1807
821 1808
821 1809
822 1657
823 1807
824 1339
824 1340
824 1341
825 1804
826 1804
827 1803
827 1804
828 1804
828 1805
828 1806
828 1807
829 1147
829 1148
829 1149
829 1150
829 1151
830 1780
830 1806
830 1807
831 1805
831 1806
831 1807
832 1807
833 1807
833 1808
834 1808
834 1809
835 1032
835 1033
835 1034
835 1035
835 1036
835 1037
836 1024
836 1807
836 1808
836 1809
836 1810
836 1811
837 1070
837 1811
837 1812
837 1813
837 1814
837 1815
838 1281
838 1282
839 1615
839 1616
839 1617
840 1811
841 1811
841 1812
841 1813
842 1799
842 1813
843 1813
844 1150
844 1151
844 1152
845 1789
845 1790
846 1808
846 1809
847 1809
847 1810
848 1120
848 1121
848 1122
848 1123
848 1124
849 1809
850 1809
850 1810
851 1330
851 1331
851 1332
851 1333
852 1807
853 1806
854 1806
854 1807
855 1807
856 1807
857 1807
857 1808
858 1808
859 1544
859 1545
859 1678
859 1808
859 1809
860 1031
860 1032
860 1033
861 1807
862 1806
862 1807
862 2279
863 1552
863 1553
864 1806
864 2160
865 1784
865 1785
865 1806
866 1526
866 1527
866 1528
866 1529
867 1537
868 1802
868 1803
868 1804
869 1804
870 1804
871 1020
871 1021
871 1022
871 1023
872 1802
873 1802
873 1803
874 1288
874 1289
874 1290
875 1802
876 1074
876 1075
877 1801
877 1802
877 1803
878 1803
878 1804
879 1659
880 973
880 974
880 975
880 976
880 977
880 978
880 1803
881 1803
882 1802
882 1803
883 1452
884 1679
884 1680
885 1799
885 1800
885 1801
886 1800
886 1801
886 1802
887 1800
887 1801
888 1698
888 1799
889 994
889 995
889 996
889 997
890 1239
890 1240
890 1241
891 1786
891 1787
892 1785
892 1786
893 1082
893 1083
894 1782
894 1783
895 1368
896 1790
897 1789
898 1309
899 1786
899 1787
899 1788
900 1787
900 1788
901 1787
902 1239
902 1240
902 1787
902 1788
902 1789
903 1789
904 1789
904 1790
905 985
906 1094
906 1788
906 1789
906 1790
906 1791
906 1792
906 1793
907 1277
908 1281
908 1282
908 1283
909 1292
909 1506
910 1788
911 1026
912 1785
913 1175
913 1176
913 1177
913 1178
913 1179
913 1180
913 1181
914 1783
914 1784
914 1785
915 984
915 985
916 1784
916 1785
916 1786
917 1786
918 1375
918 1782
918 1783
918 1784
919 1010
919 1011
920 1784
920 1785
921 1559
921 1560
921 1561
922 1782
923 1782
924 1782
924 1783
924 1784
925 1343
925 1344
925 1345
926 1065
926 1066
926 1759
926 1781
926 1782
926 1783
927 1783
927 1784
927 1785
927 3005
927 3006
927 3007
927 3008
928 1480
928 1481
928 2989
928 2990
928 2991
928 2992
928 2993
928 2994
929 1677
929 1678
929 1679
929 1783
929 1784
929 1785
929 1786
929 1787
930 1709
930 1710
931 1785
931 1786
931 2971
932 1497
932 1498
933 1784
934 1099
935 1174
935 1175
935 1176
936 1560
936 1561
936 1562
936 1782
936 1783
937 1780
938 1777
939 1742
939 1776
939 1777
940 1775
940 1776
941 1775
942 1775
943 1570
943 1571
943 1572
943 1573
943 1574
944 1773
945 1772
946 1027
946 1028
946 1772
946 1773
946 1774
946 1775
947 1775
947 1776
948 1775
949 1726
950 1673
950 1774
951 1774
952 1773
953 1773
953 1774
954 1774
955 1719
956 1773
957 1235
958 1772
959 1772
