0 1016
1 1016
2 1016
3 1016
3 1098
5 1015
5 1016
5 1017
5 1018
5 1019
5 1020
6 1018
7 1019
7 1092
9 1018
10 1018
11 1018
12 1018
13 1018
14 1018
15 1018
16 1018
17 1018
18 1018
19 1018
19 1019
19 1087
21 1018
21 1098
23 1017
23 1079
24 1075
26 1015
26 1097
27 1077
27 1078
27 1079
27 1080
27 1096
28 1095
28 1098
29 1087
30 1015
30 1080
32 1074
33 1080
34 1097
35 1070
35 1071
35 1072
36 1096
37 1073
38 1095
39 1072
40 1062
41 1082
41 1085
42 1092
43 1092
44 1062
44 1063
45 1086
46 1090
47 1058
47 1090
48 1090
49 1090
50 1090
51 1090
52 1072
52 1078
53 1089
54 1089
55 1082
55 1089
55 1090
56 1054
57 1074
58 1088
59 1057
60 1054
61 1069
62 1069
63 1055
64 1083
65 1077
66 1037
67 1081
68 1055
68 1064
69 1051
70 1046
70 1053
70 1059
71 1070
72 1055
73 1067
74 1036
74 1049
75 1064
76 1062
76 1073
77 1029
77 1031
78 1062
79 1031
80 1025
80 1029
80 1030
80 1043
80 1070
81 1038
82 1053
83 1061
84 1058
85 1057
86 1065
87 1036
88 1064
88 1065
89 1043
90 1041
91 1032
91 1063
92 1050
93 1038
94 1061
95 1015
96 1020
96 1027
97 1055
98 1049
99 1042
100 1036
101 1040
101 1093
102 1097
103 1084
104 1086
106 1030
107 1049
107 1077
109 1048
110 1046
110 1074
111 1072
113 1018
114 1026
115 1021
116 1042
116 1087
118 1065
119 1068
120 1074
121 1088
122 1085
123 1074
124 1073
125 1070
126 1081
126 1092
127 1075
128 1087
129 1098
130 1090
131 1054
133 1016
133 1074
135 1017
135 1052
136 1062
136 1065
137 1058
138 1085
139 1097
141 1018
141 1088
142 1047
143 1080
144 1078
145 1087
146 1091
147 1073
147 1097
148 1075
149 1060
150 1045
151 1065
152 1064
153 1090
154 1066
155 1089
156 1080
157 1084
158 1056
159 1056
160 1055
161 1027
161 1032
161 1046
161 1049
161 1060
161 1067
161 1068
161 1069
161 1073
162 1061
163 1060
164 1044
165 1073
166 1028
167 1056
168 1068
169 1018
170 1024
171 1044
172 1037
173 1098
174 1097
176 1061
177 1061
177 1094
178 1092
180 1045
181 1047
182 1032
182 1050
183 1045
184 1024
184 1083
186 1038
187 1058
187 1091
189 1048
189 1085
189 1086
191 1016
192 1023
192 1079
194 1042
195 1029
195 1051
195 1083
195 1095
195 1096
196 1051
197 1026
197 1088
199 1024
200 1048
201 1048
201 1068
202 1069
203 1078
204 1063
206 1031
206 1075
208 1015
208 1063
209 1069
210 1089
211 1089
212 1087
213 1086
214 1064
215 1072
216 1093
217 1092
218 1082
220 1021
220 1075
221 1050
222 1076
223 1074
224 1025
224 1051
225 1042
226 1081
227 1043
227 1064
227 1071
228 1070
229 1070
230 1041
231 1049
232 1046
232 1059
232 1060
232 1082
232 1098
234 1015
234 1046
235 1072
236 1085
237 1095
238 1071
239 1083
240 1086
241 1030
241 1043
242 1073
243 1028
244 1037
244 1040
244 1052
244 1053
245 1053
246 1032
247 1053
248 1060
249 1043
250 1034
251 1044
252 1019
253 1046
254 1017
255 1061
256 1015
256 1096
257 1098
259 1063
259 1094
261 1032
262 1029
263 1029
263 1036
264 1060
265 1057
266 1050
266 1098
268 1023
268 1048
268 1084
270 1038
271 1022
271 1084
272 1093
274 1025
274 1083
275 1093
277 1022
278 1043
279 1020
280 1054
281 1015
281 1017
281 1074
282 1044
282 1097
283 1095
285 1030
285 1087
285 1092
286 1097
288 1020
288 1068
288 1071
288 1074
289 1035
289 1042
289 1066
290 1098
291 1064
292 1075
293 1095
294 1057
296 1039
296 1086
298 1038
299 1034
299 1053
300 1070
301 1077
302 1029
302 1073
303 1067
304 1061
304 1071
304 1074
305 1086
306 1097
307 1058
308 1047
309 1048
310 1042
311 1051
312 1079
313 1049
313 1062
314 1065
315 1068
317 1015
317 1071
318 1037
319 1036
319 1078
321 1016
321 1067
323 1015
323 1087
324 1053
325 1085
326 1056
327 1083
328 1069
329 1046
329 1049
329 1063
330 1032
331 1031
332 1083
332 1091
333 1042
333 1081
334 1032
335 1057
336 1074
337 1046
338 1027
339 1060
340 1037
340 1077
341 1050
342 1075
343 1024
343 1032
343 1040
344 1049
345 1030
345 1033
345 1079
345 1093
347 1028
347 1091
349 1030
349 1090
351 1074
352 1070
353 1030
354 1030
354 1082
355 1025
356 1044
357 1020
357 1049
358 1046
358 1047
359 1031
359 1080
361 1055
361 1074
362 1082
364 1034
364 1082
365 1050
365 1094
366 1043
366 1080
367 1074
367 1078
367 1092
367 1095
368 1021
368 1028
368 1029
368 1030
368 1034
369 1022
369 1077
371 1028
372 1037
372 1064
372 1087
373 1033
373 1079
375 1033
375 1060
376 1092
378 1016
378 1071
379 1067
380 1088
381 1063
382 1067
383 1092
384 1092
385 1029
385 1074
385 1083
386 1060
387 1050
389 1017
389 1087
390 1078
392 1016
392 1083
393 1053
394 1052
395 1051
396 1050
397 1049
398 1048
399 1047
400 1046
401 1042
401 1044
401 1045
401 1058
401 1080
401 1085
401 1098
402 1048
403 1032
404 1038
405 1044
406 1036
407 1069
408 1049
409 1057
410 1033
411 1025
411 1053
412 1067
413 1030
414 1043
414 1044
414 1047
415 1049
416 1030
417 1042
417 1067
418 1028
418 1074
419 1023
419 1024
420 1029
421 1027
422 1030
422 1043
423 1031
424 1048
425 1034
426 1084
427 1046
428 1031
429 1023
430 1038
431 1072
432 1022
433 1061
434 1068
435 1037
435 1098
437 1035
437 1086
439 1020
439 1034
439 1080
441 1025
441 1098
442 1079
443 1096
444 1041
444 1086
445 1085
447 1046
448 1063
449 1050
449 1072
450 1084
452 1053
452 1069
453 1069
453 1090
454 1071
455 1096
456 1079
457 1073
458 1068
460 1040
460 1074
460 1077
462 1017
462 1082
463 1061
463 1062
463 1066
463 1080
463 1094
464 1016
464 1018
465 1040
465 1060
466 1016
466 1068
467 1085
468 1057
469 1030
469 1061
470 1093
471 1055
472 1072
474 1031
475 1018
476 1036
476 1060
476 1067
477 1066
477 1083
478 1095
479 1076
480 1063
481 1071
482 1074
483 1076
484 1041
484 1062
484 1063
484 1080
485 1035
487 1018
487 1056
487 1059
488 1064
489 1073
491 1018
491 1039
493 1020
493 1037
493 1050
494 1036
495 1048
496 1035
497 1026
498 1053
499 1073
500 1072
501 1046
502 1088
503 1029
504 1026
504 1079
505 1027
506 1045
507 1023
508 1024
509 1021
509 1034
510 1066
511 1040
511 1096
513 1037
514 1049
514 1094
515 1018
515 1028
515 1031
515 1032
515 1079
516 1055
517 1029
517 1089
519 1024
519 1088
521 1053
521 1096
522 1076
523 1032
523 1097
524 1025
524 1083
525 1082
527 1041
528 1050
529 1030
529 1078
531 1027
531 1076
533 1030
534 1043
534 1073
535 1088
535 1092
537 1024
537 1083
537 1096
539 1033
539 1089
540 1076
542 1017
542 1068
542 1069
542 1070
544 1023
545 1028
546 1038
546 1061
547 1069
548 1087
549 1059
549 1065
550 1078
552 1024
553 1040
553 1090
554 1064
554 1070
554 1071
554 1072
555 1041
555 1085
556 1075
556 1083
557 1079
558 1064
559 1084
560 1075
561 1078
562 1093
563 1044
564 1062
565 1031
565 1062
565 1096
566 1043
566 1048
567 1068
568 1074
569 1045
570 1059
571 1063
572 1070
573 1070
574 1040
574 1053
574 1080
575 1039
576 1032
576 1051
576 1054
576 1055
576 1065
576 1072
577 1074
578 1044
579 1041
579 1054
580 1033
580 1034
580 1047
580 1074
580 1087
581 1023
581 1046
581 1048
581 1053
581 1087
582 1074
582 1075
583 1053
584 1043
585 1020
586 1045
587 1079
587 1090
588 1040
590 1024
591 1025
592 1036
593 1042
594 1034
594 1097
596 1039
597 1020
597 1090
598 1090
600 1060
601 1069
602 1056
603 1019
603 1090
603 1095
604 1023
604 1087
606 1029
607 1063
607 1097
609 1061
609 1082
610 1081
612 1017
612 1089
614 1017
615 1027
615 1072
616 1082
616 1095
617 1050
618 1023
618 1086
618 1093
620 1036
621 1037
621 1080
622 1097
624 1047
625 1045
625 1066
626 1086
628 1018
629 1017
630 1016
631 1050
632 1023
633 1079
634 1066
635 1095
636 1062
636 1075
637 1083
638 1092
639 1062
640 1080
641 1054
641 1057
641 1092
642 1098
644 1029
645 1015
645 1038
645 1075
646 1052
647 1046
647 1067
647 1068
647 1085
648 1080
649 1057
650 1090
652 1018
652 1084
653 1024
653 1066
654 1086
656 1022
656 1075
657 1083
658 1061
659 1052
660 1031
661 1037
662 1036
663 1049
664 1034
664 1047
664 1069
665 1080
666 1025
667 1025
667 1027
667 1028
668 1030
669 1046
670 1056
670 1085
671 1035
672 1039
672 1073
673 1045
674 1053
675 1023
676 1058
677 1042
677 1098
679 1049
679 1096
680 1094
682 1029
683 1017
684 1029
684 1095
686 1050
687 1081
688 1057
690 1065
690 1086
690 1091
690 1092
691 1020
691 1047
691 1060
692 1038
693 1052
694 1025
695 1035
696 1015
696 1036
696 1037
696 1038
697 1042
698 1042
699 1058
699 1096
700 1082
702 1039
702 1073
703 1088
705 1023
705 1045
705 1070
706 1079
707 1088
707 1097
708 1068
708 1094
709 1015
710 1018
711 1017
711 1039
711 1088
713 1027
713 1091
715 1018
716 1016
716 1018
716 1091
718 1016
718 1077
718 1098
719 1076
720 1065
720 1077
722 1020
722 1050
723 1093
724 1058
724 1071
725 1057
726 1056
727 1076
728 1060
730 1067
731 1053
731 1055
732 1059
733 1083
733 1085
734 1064
734 1065
736 1026
736 1083
737 1040
737 1044
737 1058
737 1061
737 1062
737 1072
737 1079
737 1081
737 1085
738 1036
738 1054
739 1045
740 1033
741 1044
742 1072
743 1067
744 1046
745 1054
746 1058
747 1030
748 1033
748 1047
748 1048
748 1095
749 1032
749 1036
749 1046
749 1047
749 1069
749 1085
749 1094
750 1032
750 1085
751 1031
751 1044
752 1050
753 1049
754 1033
755 1040
756 1085
757 1017
758 1017
759 1057
761 1063
761 1064
762 1057
763 1040
764 1051
765 1027
765 1065
766 1033
767 1059
768 1032
768 1091
770 1030
770 1090
770 1091
770 1093
770 1094
772 1025
772 1029
773 1055
773 1087
774 1025
775 1039
776 1026
776 1083
777 1081
779 1017
780 1022
780 1094
782 1059
782 1084
783 1073
784 1097
785 1084
786 1070
788 1053
789 1030
790 1024
790 1069
791 1068
793 1033
793 1073
794 1093
795 1075
796 1078
797 1089
798 1022
798 1038
798 1074
798 1081
798 1087
800 1068
801 1068
802 1064
803 1069
804 1067
805 1082
806 1094
807 1059
808 1071
809 1060
810 1072
810 1073
810 1090
811 1084
812 1054
813 1078
814 1094
815 1071
816 1043
817 1080
818 1039
819 1039
819 1056
821 1031
821 1035
821 1060
822 1040
823 1072
825 1028
825 1072
825 1096
826 1069
827 1068
828 1069
829 1030
830 1050
830 1072
830 1088
830 1097
831 1028
832 1063
833 1054
834 1048
834 1049
835 1024
836 1062
837 1050
838 1095
839 1075
840 1085
841 1016
842 1015
843 1038
844 1029
845 1021
846 1057
847 1015
847 1017
848 1015
848 1095
849 1094
851 1057
852 1028
853 1027
853 1074
854 1026
854 1096
856 1023
857 1029
858 1015
859 1060
860 1032
860 1097
862 1026
863 1046
863 1090
864 1043
865 1022
865 1076
867 1017
868 1019
869 1030
869 1079
870 1069
870 1070
872 1038
872 1072
872 1077
872 1090
872 1091
873 1033
873 1054
873 1055
873 1064
874 1021
875 1022
875 1078
876 1068
876 1074
877 1093
879 1019
880 1033
880 1079
881 1082
882 1061
883 1067
884 1055
886 1033
886 1087
887 1093
888 1076
888 1083
889 1061
890 1081
890 1092
891 1081
892 1027
893 1016
893 1070
893 1087
894 1048
895 1053
896 1083
898 1027
898 1067
899 1064
900 1071
901 1079
902 1054
903 1038
904 1072
905 1051
906 1066
907 1072
908 1072
909 1044
910 1048
911 1032
912 1054
912 1055
912 1072
913 1069
914 1058
915 1049
915 1056
916 1047
916 1060
916 1070
917 1075
917 1076
918 1061
919 1053
920 1063
921 1022
922 1055
923 1086
924 1017
925 1028
926 1052
927 1055
928 1035
928 1044
928 1075
929 1024
930 1016
931 1057
932 1050
933 1084
934 1047
935 1015
935 1028
935 1055
936 1022
936 1098
938 1038
939 1032
940 1040
941 1017
941 1097
943 1037
944 1048
945 1043
946 1034
946 1056
946 1081
947 1080
948 1075
950 1020
951 1054
952 1028
953 1064
954 1018
955 1027
955 1072
956 1078
956 1091
957 1068
959 1028
960 1060
960 1088
962 1058
962 1062
964 1056
964 1091
967 1054
967 1058
969 1030
970 1050
971 1026
971 1092
972 1058
972 1071
972 1098
973 1048
974 1020
974 1053
975 1068
976 1064
977 1052
977 1057
977 1070
978 1048
979 1075
980 1044
981 1055
982 1073
983 1043
984 1079
985 1058
986 1081
987 1037
988 1075
989 1059
990 1076
991 1056
992 1055
993 1035
993 1036
993 1040
993 1041
993 1053
993 1054
993 1081
993 1094
994 1017
994 1037
994 1040
994 1053
994 1093
995 1053
996 1081
997 1030
998 1057
999 1041
1000 1037
