0 890
1 890
2 890
3 890
4 890
5 890
6 890
7 890
8 890
9 890
11 889
12 889
13 889
14 889
15 889
16 889
17 889
18 889
19 889
20 889
20 1253
30 1242
31 1263
32 1263
33 1263
34 1263
35 1263
36 1263
37 1263
38 1263
39 1263
40 1263
41 1263
42 1263
43 1263
44 1259
45 1262
46 1262
47 1262
48 1262
49 1250
50 1233
51 1260
52 1260
53 1260
54 1260
55 1260
56 1260
57 1260
58 1260
59 1209
60 1259
61 1259
62 1259
63 1259
64 1259
65 1204
66 1258
67 1201
68 1257
69 1257
70 1257
71 1257
72 1252
73 1256
74 1250
75 1255
76 1193
77 1254
78 1254
79 1199
80 1253
81 1253
82 1253
83 1253
84 1253
85 1222
86 1252
87 1247
88 1251
89 1251
90 1251
91 1204
92 1250
93 1175
94 1249
95 1244
96 1248
97 1248
98 1248
99 1248
100 1248
101 1189
102 1175
103 1218
104 1245
105 1245
106 1245
107 1245
108 1244
109 1181
110 1207
111 1242
112 1157
113 1241
114 1210
115 1209
116 1239
117 1239
118 1239
119 1239
120 1239
121 1239
122 1239
123 1239
124 1238
125 1238
126 1233
127 1227
128 1236
129 1236
130 1236
131 1234
132 1235
133 1235
134 1235
135 1235
136 1197
137 1234
138 1199
139 1233
140 1233
141 1214
142 1232
143 1232
144 1232
145 1145
146 1156
147 1229
148 1178
149 1228
150 1174
151 1227
152 1227
153 1227
154 1208
155 1226
156 1120
157 1225
158 1148
159 1175
160 1223
161 1163
162 1222
163 1108
164 1108
165 1220
166 1220
167 1220
168 1220
169 1220
170 1173
171 1219
172 1219
173 1219
174 1134
175 1218
176 1151
177 1217
178 1217
179 1145
180 1159
181 1181
182 1214
183 1213
184 1213
185 1213
186 1213
187 1196
188 1212
189 1173
190 1127
191 1210
192 1210
193 1210
194 1210
195 1210
196 1210
197 1210
198 1185
199 1187
200 1128
201 1207
202 1207
203 1136
204 1206
205 1206
206 1133
207 1202
208 1204
209 1204
210 1121
211 1203
212 1203
213 1203
214 1203
215 1112
216 1202
217 1114
218 1115
219 1200
220 1200
221 1200
222 1102
223 1199
224 1199
225 1199
226 1170
227 1198
228 1067
229 1095
230 1164
231 1086
232 1076
233 1193
234 1125
235 1167
236 1098
237 1190
238 1032
239 1030
240 1188
241 1098
242 1141
243 1186
244 1116
245 1138
246 1150
247 1022
248 1173
249 1181
250 1181
251 1073
252 1180
253 1179
254 1163
255 1069
256 1056
257 1026
258 1066
259 1058
260 1173
261 1076
262 1172
263 1172
264 1004
265 1171
266 1171
267 1020
268 1086
269 1025
270 1168
271 1168
272 1168
273 1011
274 1167
275 1033
276 1079
277 1165
278 1076
279 1164
280 1164
281 1164
282 1054
283 1163
284 1105
285 1162
286 1008
287 1161
288 1161
289 1035
290 1043
291 1046
292 1127
293 1028
294 1156
295 1156
296 1156
297 1156
298 1156
299 1126
300 1116
301 1100
302 1065
303 1152
304 1152
305 1152
306 1073
307 1087
308 960
309 1149
310 966
311 1072
312 1147
313 1070
314 962
315 959
316 1069
317 1143
318 1044
319 1034
320 1063
321 1140
322 1140
323 1014
324 946
325 1099
326 943
327 1035
328 1096
329 979
330 943
331 968
332 1131
333 981
334 1009
335 1129
336 1129
337 1129
338 1129
339 1129
340 1129
341 928
342 941
343 981
344 1126
345 1100
346 1125
347 990
348 1021
349 1049
350 1075
351 1011
352 926
353 1119
354 1118
355 1117
356 1117
357 1115
358 1011
359 1035
360 1082
361 1113
362 992
363 1109
364 998
365 904
366 980
367 1105
368 958
369 1025
370 1017
371 1016
372 1103
373 1103
374 903
375 958
376 1054
377 1006
378 979
379 1098
380 914
381 1059
382 1096
383 996
384 985
385 1014
386 1093
387 1093
388 1093
388 1258
389 1257
391 1091
391 1255
393 946
394 1084
395 983
396 891
397 920
398 944
399 943
400 917
401 1001
401 1252
403 951
404 1079
405 1079
406 1079
407 1040
408 1019
409 1077
410 918
411 923
412 994
412 1258
413 1257
415 1072
416 990
417 1071
418 1071
419 905
420 1051
420 1237
422 1068
422 1222
424 1067
424 1259
426 1066
427 1066
428 1066
429 1066
430 1066
431 906
431 1213
432 1217
434 1063
435 1062
436 1061
437 1060
438 1060
439 1059
440 1058
441 1057
442 1056
443 1055
444 1054
445 1054
446 1025
447 920
448 1052
449 1052
450 1052
450 1193
452 967
453 994
453 1212
455 1048
456 1047
457 1047
458 1007
459 1005
459 1185
460 1184
462 1043
463 961
464 1042
464 1248
466 992
467 1040
468 1040
468 1228
470 961
470 1204
472 897
472 1167
474 1035
475 1035
475 1190
476 1235
478 1033
479 1033
479 1168
480 1178
481 1177
483 1030
484 1030
485 942
486 1029
487 1029
487 1221
489 1028
490 1028
490 1209
491 1160
492 1250
493 1177
494 1207
496 1257
498 1021
499 1021
500 1021
501 1021
501 1262
502 1233
503 1199
504 1195
505 1139
507 917
508 964
508 1136
509 1172
511 913
512 1011
512 1132
514 950
515 1009
516 1009
516 1196
517 1194
518 1181
520 1006
520 1124
521 1238
522 1130
523 1136
525 1002
526 1002
526 1188
527 1210
528 1117
529 1170
530 1218
531 1206
533 996
533 1126
534 1260
535 1179
537 950
538 992
538 1154
540 977
540 1195
541 1129
542 1195
543 1241
544 1121
545 1158
547 984
547 1213
548 1095
550 982
550 1162
551 1186
552 1107
554 892
554 1088
556 977
556 1208
558 976
559 976
559 1087
561 975
561 1246
563 974
563 1120
564 1251
566 949
567 971
567 1141
568 1102
569 1197
570 1142
571 1087
573 966
574 966
574 1070
575 1090
577 901
577 1161
578 1203
579 1079
580 1078
581 1140
582 1062
583 1222
585 956
585 1061
587 955
588 955
589 955
589 1070
590 1112
591 1249
592 1067
593 1213
595 950
596 950
596 1210
598 905
599 904
600 903
600 1118
601 1220
602 1197
604 943
604 1074
606 942
607 942
607 1135
608 1091
610 940
611 940
611 1222
612 1050
614 938
614 1259
616 937
617 937
618 937
618 1178
619 1102
620 1131
621 1116
622 1089
623 1091
624 1157
625 1057
626 1032
627 1060
628 1086
630 926
630 1181
632 925
632 1030
633 1024
634 1162
635 1129
637 921
638 921
638 1131
639 1206
640 1233
641 1232
643 917
644 917
644 1055
646 916
646 1012
647 1090
649 914
650 914
651 914
651 1113
652 995
654 912
654 1054
655 1194
657 910
657 1233
658 1244
659 1037
661 907
661 1076
662 997
663 1140
664 1071
665 1027
667 902
667 992
668 1014
669 1043
670 1152
671 1015
673 897
673 1041
675 896
676 896
676 989
678 895
678 1036
680 894
680 1225
681 1141
683 892
683 1018
684 975
685 1086
687 889
687 983
688 1232
689 1023
690 991
691 1046
692 1260
693 1019
694 1063
695 1258
696 1258
697 1040
698 1101
699 1256
700 1256
701 1256
702 1012
703 1008
704 1251
705 1032
706 1075
707 958
708 1040
709 969
710 1248
711 958
712 1247
713 995
714 998
715 966
716 1021
717 1243
718 1040
719 1025
720 1241
721 987
722 996
723 977
724 934
725 1237
726 1003
727 919
728 980
729 938
730 958
731 1232
732 1141
733 1231
734 1231
735 918
736 921
737 1229
738 914
739 1126
740 1082
741 1064
742 1073
743 1008
744 1206
745 966
746 1202
747 954
748 904
749 1218
750 964
751 986
752 1216
753 1216
754 1216
755 1014
756 1038
757 921
758 1213
759 942
760 1212
761 953
762 1173
763 1210
764 919
765 977
766 922
767 947
768 890
769 1205
770 1205
771 980
772 957
773 1032
774 977
775 894
776 1200
777 1194
778 980
779 1011
780 1197
781 1197
782 960
782 1244
784 904
785 898
785 1234
787 1192
788 950
788 1239
790 909
790 1259
792 929
793 1187
793 1231
795 1186
796 941
797 1185
798 1185
799 938
800 1184
801 1184
802 1184
803 973
804 1183
804 1236
806 1024
806 1261
808 904
808 1213
809 1225
811 1045
812 1014
812 1207
814 1032
815 1173
816 1059
817 943
818 940
819 941
820 1045
821 1168
821 1262
822 1226
824 1066
825 1165
826 1056
827 1164
828 1164
829 1164
829 1199
831 929
831 1195
833 1029
833 1229
835 1159
836 1159
836 1253
838 1158
838 1236
840 997
841 1097
842 1062
842 1211
843 1231
844 1230
846 1102
847 1150
847 1242
848 1229
850 912
850 1213
852 899
853 957
853 1205
854 1263
856 1115
857 1141
857 1196
859 1140
860 950
861 1139
862 1138
863 1138
864 1136
865 1137
866 1137
867 1137
868 1137
869 1137
870 1137
871 1137
872 1137
873 1137
874 1060
875 928
876 890
877 900
878 1133
879 1133
879 1153
881 924
882 895
883 1002
883 1143
