0 930
0 931
1 1020
2 1020
3 973
4 1044
4 1050
4 1051
4 1096
5 1051
6 1051
7 955
8 1017
8 1031
8 1032
8 1033
8 1041
8 1044
8 1045
8 1046
8 1047
8 1048
8 1049
8 1050
8 1051
8 1056
8 1058
8 1059
8 1060
8 1061
8 1062
8 1063
9 957
10 931
10 932
10 933
10 934
10 935
10 950
10 951
10 952
10 953
10 955
10 956
10 960
10 1044
10 1045
10 1051
10 1059
10 1060
11 1051
12 1020
12 1025
12 1058
13 958
14 1026
14 1060
14 1079
14 1080
14 1082
14 1100
15 932
15 950
15 951
15 1040
15 1041
15 1044
15 1045
15 1046
15 1047
15 1048
15 1049
15 1050
15 1051
15 1055
15 1056
15 1057
15 1058
15 1060
15 1061
15 1062
15 1077
16 1050
17 966
17 982
18 1045
18 1046
18 1047
18 1054
18 1055
18 1056
19 966
20 957
21 1041
21 1044
21 1045
21 1046
21 1047
21 1048
21 1049
21 1055
21 1056
21 1057
22 930
22 931
22 932
22 933
22 934
22 935
22 950
22 951
22 952
22 953
22 954
22 965
22 966
22 967
22 968
22 969
22 970
22 971
22 972
22 973
22 974
22 976
22 977
22 978
22 979
22 980
22 981
22 982
22 983
22 1000
22 1001
22 1002
22 1003
22 1004
22 1005
22 1008
22 1009
22 1020
22 1025
22 1029
22 1030
22 1031
22 1032
22 1033
22 1034
22 1040
22 1041
22 1044
22 1045
22 1046
22 1047
22 1048
22 1049
22 1050
22 1054
22 1055
22 1056
22 1057
22 1058
22 1059
22 1060
22 1062
22 1063
22 1064
22 1067
22 1068
22 1069
22 1070
22 1071
22 1072
22 1073
22 1094
23 931
23 932
23 933
23 934
23 935
23 950
23 951
23 952
23 953
23 954
23 1031
23 1032
23 1033
23 1034
23 1048
23 1049
23 1050
23 1051
23 1056
23 1057
23 1058
23 1059
23 1060
23 1062
23 1063
23 1064
23 1065
23 1067
23 1068
23 1075
24 931
24 932
24 933
24 934
24 950
24 951
24 952
24 953
24 990
24 991
24 1002
24 1003
24 1025
24 1026
24 1029
24 1030
24 1031
24 1032
24 1033
24 1034
24 1040
24 1041
24 1055
24 1056
24 1057
24 1058
24 1059
24 1060
24 1061
24 1062
24 1063
24 1069
24 1071
24 1072
24 1073
25 947
25 962
26 955
27 1041
27 1044
27 1045
27 1046
27 1047
27 1055
27 1056
28 932
28 933
28 934
28 950
28 951
28 953
28 968
28 1003
28 1044
28 1045
29 1014
29 1017
29 1050
29 1051
29 1073
29 1099
30 932
30 933
30 934
30 935
30 950
30 951
30 952
30 953
30 997
30 1002
30 1005
30 1020
30 1029
30 1030
30 1031
30 1032
30 1033
30 1034
30 1044
30 1045
30 1046
30 1047
30 1048
30 1049
30 1050
30 1051
30 1057
30 1058
30 1060
30 1061
30 1062
30 1072
31 1044
31 1048
31 1078
31 1085
32 1078
32 1085
33 1073
33 1078
33 1085
34 1078
34 1085
35 949
36 932
36 933
36 934
36 950
36 951
36 952
36 953
36 1044
36 1045
36 1046
36 1047
36 1048
36 1055
36 1056
36 1057
36 1058
37 945
37 946
38 968
39 947
40 973
40 1045
40 1046
40 1055
40 1056
41 1096
42 947
42 958
42 966
42 1059
43 1044
43 1045
43 1046
43 1047
43 1048
43 1049
43 1050
43 1051
43 1055
43 1056
43 1057
43 1058
44 955
45 1047
46 1045
47 1044
47 1050
47 1051
47 1059
48 930
48 931
48 932
48 933
48 934
48 935
48 950
48 951
48 952
48 953
48 954
48 957
48 959
48 960
48 961
48 962
48 963
48 964
48 967
48 968
48 1000
48 1001
48 1002
48 1003
48 1004
48 1005
48 1023
48 1024
48 1029
48 1030
48 1031
48 1032
48 1033
48 1034
48 1040
48 1041
48 1043
48 1044
48 1045
48 1046
48 1047
48 1048
48 1049
48 1050
48 1051
48 1055
48 1056
48 1057
48 1058
48 1059
48 1060
48 1061
48 1062
48 1063
48 1064
48 1065
48 1066
48 1067
48 1068
48 1072
48 1073
48 1075
48 1083
49 965
50 1055
50 1056
51 980
52 1051
52 1102
53 1090
54 932
54 957
55 1050
55 1051
55 1058
55 1059
55 1060
55 1061
55 1062
55 1063
56 931
56 932
56 933
56 934
56 935
56 947
56 950
56 951
56 952
56 953
56 960
56 1030
56 1031
56 1033
56 1034
56 1041
56 1044
56 1047
56 1048
56 1057
56 1058
56 1067
56 1074
56 1075
56 1083
57 930
57 931
57 932
57 933
57 934
57 950
57 951
57 952
57 953
57 954
57 955
57 956
57 959
57 960
57 967
57 1000
57 1001
57 1002
57 1003
57 1044
57 1047
57 1067
58 932
58 933
58 934
58 950
58 951
58 952
58 953
58 954
58 1044
58 1045
58 1046
58 1047
58 1048
58 1051
58 1055
58 1056
58 1057
58 1058
58 1059
58 1060
58 1061
58 1077
59 979
60 933
60 934
60 950
60 951
60 952
60 953
60 954
60 1001
60 1002
60 1003
60 1029
60 1055
60 1056
60 1064
60 1069
60 1072
61 966
62 983
62 1098
63 1073
64 930
64 1051
64 1062
64 1063
65 966
65 974
65 1060
65 1061
65 1062
65 1063
66 1005
67 932
67 933
67 950
67 951
67 952
67 953
67 1002
67 1008
67 1040
67 1044
67 1045
67 1046
67 1047
67 1048
67 1049
67 1050
67 1051
67 1054
67 1055
67 1056
67 1057
67 1058
67 1059
67 1060
67 1061
67 1062
67 1063
68 957
69 1050
70 957
70 1050
71 942
71 1026
71 1046
71 1048
71 1051
72 990
72 1094
73 951
73 955
73 957
74 948
74 965
74 966
74 967
74 968
74 969
74 970
74 971
74 973
74 974
74 976
74 977
74 978
74 979
74 980
74 981
74 982
74 983
74 986
74 987
74 988
74 1000
74 1001
74 1069
74 1070
74 1071
75 946
76 1044
77 976
77 977
77 978
78 965
79 974
80 1055
81 1021
81 1022
81 1023
81 1026
81 1027
81 1028
82 1020
82 1021
82 1022
82 1023
82 1024
82 1025
82 1026
82 1027
82 1028
82 1050
83 1059
83 1060
84 945
84 946
84 947
84 949
84 1014
84 1045
84 1046
84 1047
84 1048
84 1049
84 1050
84 1051
84 1056
84 1057
84 1059
84 1060
84 1061
84 1062
84 1063
84 1090
84 1091
84 1092
84 1095
85 945
85 1044
85 1045
85 1046
85 1047
85 1048
85 1049
85 1050
85 1051
85 1055
85 1056
85 1058
86 930
86 932
86 1041
86 1044
86 1045
86 1050
86 1051
86 1055
86 1058
86 1059
86 1060
86 1061
86 1062
86 1063
87 1070
88 1021
88 1022
88 1023
88 1025
88 1027
88 1028
88 1072
89 1025
89 1041
89 1044
89 1045
89 1046
89 1047
89 1049
89 1051
89 1055
89 1056
89 1057
89 1058
89 1059
89 1072
90 945
90 1020
90 1021
90 1022
90 1023
90 1025
90 1026
90 1027
90 1028
90 1054
91 1033
91 1034
92 1032
92 1033
92 1034
93 933
93 934
93 950
93 951
93 952
93 953
93 991
93 1025
93 1029
93 1030
93 1031
93 1032
93 1033
93 1034
93 1040
93 1044
93 1055
93 1057
93 1058
93 1064
93 1072
94 930
94 931
94 932
94 933
94 934
94 936
94 950
94 951
94 952
94 953
94 954
94 955
94 956
94 959
94 960
94 967
94 988
94 989
94 990
94 991
94 999
94 1000
94 1001
94 1002
94 1003
94 1004
94 1005
94 1008
94 1020
94 1029
94 1044
94 1045
94 1046
94 1047
94 1048
94 1049
94 1051
94 1055
94 1056
94 1057
94 1058
94 1059
94 1060
94 1061
94 1062
94 1063
94 1067
94 1072
94 1073
95 1044
96 945
96 946
97 951
97 1055
98 1044
99 953
99 978
99 1059
99 1062
99 1063
100 932
100 933
100 951
100 952
100 953
100 959
100 960
100 962
100 1005
100 1020
100 1021
100 1022
100 1023
100 1024
100 1025
100 1026
100 1027
100 1028
100 1041
100 1044
100 1045
100 1046
100 1047
100 1048
100 1049
100 1050
100 1051
100 1055
100 1056
100 1057
100 1058
100 1060
100 1064
100 1065
100 1067
101 1020
101 1051
101 1061
101 1062
101 1063
102 1041
102 1044
102 1045
102 1046
102 1047
102 1048
102 1049
102 1050
102 1051
102 1055
102 1056
102 1058
102 1059
102 1060
102 1061
102 1062
102 1063
103 1033
103 1034
103 1051
104 930
104 931
104 932
104 950
104 951
104 952
104 1000
104 1005
104 1030
104 1031
104 1032
104 1033
104 1034
104 1040
104 1041
104 1044
104 1045
104 1046
104 1047
104 1048
104 1049
104 1050
104 1051
104 1055
104 1056
104 1057
104 1058
104 1059
104 1060
104 1069
104 1070
104 1072
104 1073
104 1075
104 1083
105 957
106 1032
106 1033
106 1034
107 965
108 1031
108 1033
108 1034
108 1049
108 1050
108 1051
108 1060
109 1051
110 932
110 933
110 950
110 951
110 952
110 953
110 968
110 1044
110 1045
110 1046
110 1047
110 1048
110 1049
110 1050
110 1055
110 1056
110 1057
110 1058
110 1059
110 1060
110 1063
110 1071
111 1004
111 1046
111 1047
111 1048
111 1049
111 1050
111 1056
111 1057
111 1058
112 1045
112 1046
112 1047
112 1049
112 1050
112 1055
112 1056
113 948
113 969
114 950
114 951
114 975
114 1007
114 1031
114 1032
114 1033
114 1034
114 1046
114 1047
114 1048
114 1049
114 1050
114 1051
115 930
115 931
115 932
115 933
115 934
115 950
115 951
115 952
115 953
115 955
115 988
115 990
115 991
115 1007
115 1008
115 1009
115 1019
115 1040
115 1047
115 1048
115 1049
115 1056
115 1057
115 1058
115 1072
115 1073
116 950
116 980
116 1008
116 1009
116 1029
116 1030
116 1031
116 1032
116 1033
116 1034
116 1044
116 1045
116 1046
116 1047
116 1048
116 1049
116 1050
116 1051
116 1055
116 1056
116 1057
116 1058
116 1059
116 1060
116 1061
116 1062
116 1063
116 1073
117 957
117 1051
118 1016
118 1051
119 957
120 981
121 957
122 1020
122 1021
122 1025
122 1026
122 1033
123 1044
123 1051
124 955
124 1034
124 1051
124 1058
124 1059
124 1060
125 948
126 950
126 980
126 1029
126 1030
126 1031
126 1032
126 1034
126 1040
126 1041
126 1044
126 1045
126 1046
126 1047
126 1048
126 1049
126 1050
126 1051
126 1057
126 1059
126 1060
126 1061
126 1062
126 1101
127 943
128 957
129 1051
130 957
130 1080
131 957
132 952
132 1075
133 992
133 1101
134 1087
135 943
135 957
136 942
136 1020
136 1026
136 1027
136 1042
136 1050
136 1070
136 1071
137 965
138 968
139 1031
139 1032
139 1033
139 1034
140 1045
141 931
141 932
141 933
141 934
141 935
141 950
141 951
141 952
141 953
141 954
141 1020
141 1043
141 1044
141 1045
141 1046
141 1047
141 1048
141 1051
141 1059
141 1060
141 1088
142 1021
142 1025
142 1026
142 1027
142 1028
142 1070
142 1071
143 968
144 1044
144 1045
144 1046
144 1047
144 1048
144 1049
144 1050
144 1057
144 1060
144 1062
145 1025
145 1026
146 1032
146 1033
146 1034
146 1048
147 966
147 1044
147 1047
148 947
148 1050
148 1051
148 1098
149 950
149 987
149 1011
149 1018
149 1024
149 1051
149 1063
150 980
150 1011
151 961
151 970
151 975
151 1049
151 1074
152 1017
152 1051
153 1050
153 1051
154 1044
154 1050
154 1051
155 1059
156 930
156 931
156 932
156 933
156 934
156 935
156 950
156 951
156 952
156 953
156 956
156 960
156 967
156 1001
156 1002
156 1003
156 1040
156 1044
156 1049
156 1064
156 1067
156 1072
156 1073
157 957
158 1051
158 1078
159 932
159 1032
159 1033
159 1044
159 1045
159 1046
159 1047
159 1048
159 1049
159 1050
159 1055
159 1056
159 1057
159 1058
159 1059
159 1060
159 1062
159 1063
160 933
160 934
160 935
160 936
160 937
160 950
160 951
160 952
160 953
160 982
160 1021
160 1022
160 1025
160 1026
160 1027
160 1028
160 1043
160 1054
160 1064
161 946
162 966
163 930
163 950
163 967
163 1008
163 1031
163 1033
163 1034
163 1048
163 1049
163 1050
163 1058
164 944
165 1071
166 967
166 1051
166 1055
167 965
167 1062
167 1063
168 1050
169 930
169 931
169 932
169 933
169 934
169 950
169 951
169 952
169 953
169 954
169 955
169 956
169 959
169 966
169 967
169 969
169 976
169 977
169 981
169 982
169 989
169 990
169 991
169 1000
169 1001
169 1002
169 1003
169 1007
169 1008
169 1009
169 1010
169 1020
169 1040
169 1044
169 1045
169 1046
169 1047
169 1048
169 1049
169 1050
169 1054
169 1055
169 1056
169 1057
169 1058
169 1064
169 1072
169 1073
170 1051
171 933
171 934
171 935
171 950
171 951
171 952
171 953
171 989
171 997
171 1002
171 1003
171 1004
171 1005
171 1040
171 1044
171 1046
171 1047
171 1048
171 1049
171 1050
171 1051
171 1056
171 1057
171 1058
171 1059
171 1060
171 1061
172 931
172 932
172 933
172 934
172 950
172 951
172 952
172 969
172 1001
172 1002
172 1003
172 1007
172 1008
172 1044
172 1045
172 1046
172 1047
172 1048
172 1049
172 1050
172 1055
172 1056
172 1057
172 1058
173 932
173 933
173 950
173 951
173 952
173 953
173 1044
173 1045
173 1046
173 1047
173 1048
173 1049
173 1050
173 1051
173 1056
173 1057
173 1058
173 1059
173 1060
173 1061
173 1062
173 1063
174 1044
175 968
176 1033
177 1055
178 1007
178 1008
179 1051
180 955
180 962
181 930
181 931
181 932
181 933
181 934
181 935
181 936
181 937
181 950
181 951
181 952
181 953
181 954
181 955
181 956
181 959
181 960
181 962
181 965
181 966
181 967
181 968
181 969
181 970
181 999
181 1000
181 1001
181 1002
181 1003
181 1004
181 1005
181 1006
181 1008
181 1009
181 1020
181 1030
181 1031
181 1032
181 1033
181 1034
181 1040
181 1041
181 1044
181 1045
181 1046
181 1047
181 1048
181 1049
181 1050
181 1051
181 1055
181 1056
181 1057
181 1058
181 1060
181 1062
181 1065
181 1067
181 1069
181 1070
181 1072
181 1073
182 966
183 932
183 933
183 950
183 951
183 952
183 1040
183 1041
183 1044
183 1045
183 1046
183 1047
183 1048
183 1049
183 1050
183 1055
183 1056
183 1057
183 1058
183 1060
184 1015
185 1044
186 947
187 930
187 931
187 932
187 933
187 934
187 935
187 936
187 937
187 950
187 951
187 952
187 953
187 962
187 963
187 1000
187 1001
187 1002
187 1064
187 1065
187 1067
187 1068
188 1048
188 1050
188 1062
188 1063
189 968
189 1083
190 1034
190 1044
190 1045
190 1051
191 1023
191 1027
192 944
193 1050
194 1044
194 1047
194 1048
194 1049
194 1050
194 1051
194 1055
194 1056
194 1057
194 1058
194 1059
194 1060
194 1061
194 1062
194 1063
195 1020
195 1025
195 1026
195 1032
195 1033
195 1034
196 955
196 1044
196 1049
196 1050
196 1055
197 930
197 931
197 932
197 933
197 934
197 935
197 936
197 937
197 950
197 951
197 952
197 953
197 956
197 959
197 960
197 962
197 1000
197 1040
197 1041
197 1044
197 1045
197 1046
197 1047
197 1048
197 1049
197 1050
197 1055
197 1056
197 1057
197 1058
197 1064
197 1065
197 1067
197 1068
197 1073
198 1050
198 1051
199 1040
199 1044
199 1050
199 1051
200 1051
201 1050
201 1051
201 1059
202 1044
202 1045
202 1046
202 1047
202 1055
202 1056
203 1048
203 1050
204 968
205 944
206 1029
206 1030
206 1031
206 1032
206 1033
206 1034
206 1044
206 1050
206 1057
206 1058
206 1059
206 1060
206 1062
206 1063
207 930
207 931
207 932
207 933
207 934
207 942
207 950
207 951
207 952
207 953
207 954
207 955
207 959
207 1000
207 1001
207 1002
207 1040
207 1044
207 1045
207 1046
207 1049
207 1054
207 1055
207 1059
207 1081
207 1088
208 930
208 931
208 932
208 933
208 934
208 935
208 950
208 951
208 952
208 953
208 954
208 955
208 1000
208 1001
208 1002
208 1040
208 1041
208 1044
208 1050
208 1051
208 1054
208 1055
208 1081
209 966
209 968
209 977
209 978
209 1000
209 1001
209 1069
209 1070
209 1071
210 975
210 982
210 1045
210 1047
210 1050
210 1055
210 1056
211 931
211 933
211 934
211 935
211 942
211 950
211 951
211 952
211 953
211 954
211 956
211 960
211 1001
211 1002
211 1003
211 1004
211 1045
211 1046
211 1047
211 1048
211 1050
211 1056
211 1064
211 1065
211 1066
211 1067
211 1072
211 1077
211 1083
212 1048
212 1050
213 951
213 1055
214 955
214 1101
215 966
215 1032
215 1033
216 967
217 952
217 981
217 991
218 950
218 1044
218 1047
219 955
220 931
220 932
220 933
220 934
220 935
220 950
220 951
220 952
220 953
220 954
220 965
220 966
220 967
220 968
220 969
220 970
220 971
220 972
220 973
220 974
220 976
220 977
220 978
220 979
220 980
220 981
220 982
220 1001
220 1002
220 1003
220 1004
220 1005
220 1044
220 1045
220 1046
220 1047
220 1055
220 1064
220 1067
220 1068
220 1069
220 1070
220 1071
220 1072
220 1074
220 1075
221 1055
222 957
223 978
224 965
225 983
226 1024
227 966
228 972
229 931
229 932
229 950
229 951
229 952
229 953
229 965
229 966
229 967
229 968
229 969
229 976
229 977
229 978
229 979
229 981
229 987
229 1000
229 1001
229 1002
229 1003
229 1008
229 1040
229 1044
229 1045
229 1055
229 1067
229 1069
229 1070
229 1071
229 1072
229 1073
230 968
231 950
231 1040
231 1041
231 1044
231 1045
231 1046
231 1050
231 1051
231 1055
231 1056
231 1057
231 1059
231 1060
231 1063
232 959
232 967
232 1007
232 1008
232 1009
232 1041
232 1045
232 1046
232 1047
232 1048
232 1049
232 1050
232 1051
232 1055
232 1056
232 1057
232 1058
232 1059
232 1060
232 1061
232 1062
232 1063
232 1077
232 1083
233 930
233 931
233 932
233 942
233 950
233 951
233 952
233 953
233 956
233 959
233 960
233 962
233 982
233 1000
233 1001
233 1002
233 1003
233 1010
233 1020
233 1025
233 1029
233 1030
233 1031
233 1040
233 1041
233 1044
233 1045
233 1046
233 1047
233 1048
233 1049
233 1050
233 1051
233 1054
233 1055
233 1056
233 1057
233 1058
233 1059
233 1060
233 1061
233 1062
233 1063
233 1072
233 1073
234 932
234 933
234 1041
234 1044
234 1045
234 1046
234 1047
234 1048
234 1049
234 1050
234 1051
234 1054
234 1055
234 1056
234 1057
234 1058
234 1059
234 1060
234 1063
235 1048
235 1049
235 1050
236 931
236 932
236 950
236 951
236 952
236 953
236 954
236 956
236 1020
236 1034
236 1044
236 1045
236 1049
236 1050
236 1051
236 1063
236 1075
237 947
237 1042
237 1102
238 1047
239 931
239 932
239 933
239 934
239 935
239 950
239 951
239 952
239 953
239 954
239 955
239 962
239 991
239 1001
239 1002
239 1003
239 1004
239 1005
239 1020
239 1029
239 1030
239 1032
239 1033
239 1034
239 1044
239 1047
239 1051
239 1058
239 1059
240 1025
240 1030
241 1015
241 1025
241 1083
242 1029
243 945
243 957
244 958
244 1044
244 1045
244 1046
244 1047
244 1048
244 1049
244 1050
244 1055
244 1056
244 1058
244 1059
244 1073
245 1030
245 1031
245 1032
245 1033
245 1034
245 1044
245 1045
245 1047
245 1048
245 1049
245 1050
245 1051
245 1060
245 1062
245 1063
246 1021
246 1025
246 1026
246 1027
246 1041
246 1044
246 1045
246 1046
246 1047
246 1048
246 1049
246 1050
246 1051
246 1055
246 1056
246 1057
246 1058
246 1059
246 1060
246 1061
246 1062
246 1063
246 1077
247 1044
247 1045
248 931
248 951
248 952
248 1040
248 1045
248 1047
248 1050
248 1051
248 1058
248 1063
249 1020
249 1033
249 1034
250 948
251 1029
251 1030
251 1031
251 1032
251 1033
251 1034
252 930
252 931
252 932
252 933
252 950
252 951
252 952
252 953
252 954
252 966
252 967
252 990
252 991
252 1000
252 1001
252 1002
252 1005
252 1008
252 1010
252 1020
252 1040
252 1041
252 1044
252 1045
252 1046
252 1047
252 1048
252 1049
252 1050
252 1054
252 1055
252 1056
252 1057
252 1058
252 1059
252 1060
252 1061
252 1069
252 1072
252 1073
253 930
253 931
253 932
253 933
253 934
253 935
253 950
253 952
253 955
253 1001
253 1025
253 1029
253 1031
253 1034
253 1044
253 1049
253 1050
253 1059
253 1060
253 1073
254 946
255 931
255 932
255 933
255 934
255 950
255 951
255 952
255 953
255 954
255 1005
255 1008
255 1009
256 1032
256 1033
256 1041
256 1044
256 1045
256 1046
256 1047
256 1048
256 1049
256 1056
256 1057
256 1077
256 1083
257 944
257 982
257 1020
257 1021
257 1022
257 1023
257 1025
257 1026
257 1027
257 1028
257 1078
258 977
259 1020
259 1021
259 1022
259 1023
259 1024
259 1025
259 1026
259 1027
259 1028
259 1054
259 1055
259 1057
259 1059
260 968
261 934
261 935
261 1014
261 1015
261 1020
261 1025
261 1026
261 1027
261 1028
261 1054
261 1065
262 1030
262 1031
262 1032
262 1033
262 1034
262 1044
262 1046
262 1047
262 1048
262 1049
262 1050
262 1051
262 1057
262 1058
262 1059
262 1060
263 1044
263 1050
263 1051
263 1058
264 930
264 931
264 932
264 933
264 934
264 935
264 942
264 950
264 951
264 952
264 953
264 954
264 955
264 956
264 959
264 960
264 962
264 963
264 966
264 967
264 1000
264 1001
264 1002
264 1003
264 1005
264 1006
264 1008
264 1009
264 1044
264 1048
264 1057
264 1058
264 1064
264 1065
264 1066
264 1067
264 1068
264 1072
264 1073
265 1030
265 1031
265 1032
265 1033
265 1034
265 1050
265 1051
265 1060
265 1062
266 932
266 933
266 934
266 950
266 951
266 952
266 1029
266 1044
267 968
268 966
268 967
268 968
268 1001
268 1002
268 1003
268 1033
268 1034
269 953
269 966
269 1001
270 1067
271 968
272 1050
273 968
273 1044
273 1048
273 1050
273 1051
273 1059
273 1060
273 1061
273 1062
273 1063
274 968
275 1031
275 1058
276 1020
276 1045
276 1049
276 1050
277 1049
278 930
278 931
278 932
278 933
278 934
278 935
278 936
278 937
278 950
278 951
278 952
278 953
278 954
278 955
278 956
278 957
278 959
278 960
278 961
278 962
278 963
278 964
278 966
278 967
278 968
278 969
278 970
278 971
278 972
278 973
278 974
278 978
278 979
278 988
278 989
278 990
278 991
278 997
278 1000
278 1001
278 1002
278 1003
278 1004
278 1005
278 1006
278 1007
278 1008
278 1009
278 1010
278 1011
278 1013
278 1020
278 1021
278 1025
278 1026
278 1027
278 1029
278 1030
278 1031
278 1032
278 1033
278 1039
278 1040
278 1041
278 1043
278 1044
278 1045
278 1046
278 1047
278 1048
278 1049
278 1050
278 1051
278 1055
278 1056
278 1057
278 1058
278 1059
278 1060
278 1061
278 1062
278 1063
278 1064
278 1065
278 1066
278 1067
278 1068
278 1069
278 1072
278 1073
278 1075
278 1077
278 1083
278 1094
278 1101
278 1102
279 930
279 931
279 932
279 933
279 951
279 952
279 953
279 962
279 1001
279 1051
280 991
280 1045
280 1046
280 1047
280 1055
280 1056
281 1020
281 1033
281 1050
281 1051
281 1058
282 1050
282 1059
283 1041
283 1044
283 1045
283 1046
283 1047
283 1048
283 1049
283 1050
283 1051
283 1055
283 1056
283 1060
283 1077
283 1083
284 988
284 991
285 968
286 1051
287 932
287 950
287 1044
287 1051
287 1059
288 931
288 932
288 933
288 934
288 950
288 951
288 952
288 970
288 1040
288 1044
288 1051
288 1073
289 986
289 991
289 1020
289 1045
289 1048
290 1045
290 1060
290 1061
290 1062
291 991
292 933
292 952
292 1044
292 1045
292 1046
292 1047
292 1048
292 1055
293 930
293 931
293 932
293 933
293 950
293 951
293 952
293 953
293 959
293 999
293 1000
293 1001
293 1002
293 1020
293 1040
293 1041
293 1044
293 1045
293 1046
293 1047
293 1048
293 1051
293 1054
293 1056
293 1057
293 1059
293 1060
293 1061
294 950
295 971
296 990
296 1040
296 1044
296 1045
296 1046
296 1049
297 1044
298 1044
299 1043
299 1044
299 1045
299 1046
299 1047
300 1044
300 1045
300 1046
300 1047
300 1048
300 1049
300 1050
300 1055
300 1056
301 930
301 931
301 932
301 933
301 934
301 942
301 950
301 951
301 952
301 953
301 954
301 955
301 956
301 959
301 960
301 962
301 966
301 967
301 968
301 969
301 970
301 978
301 981
301 982
301 990
301 991
301 997
301 999
301 1000
301 1001
301 1002
301 1003
301 1008
301 1009
301 1010
301 1020
301 1040
301 1043
301 1044
301 1045
301 1046
301 1047
301 1048
301 1049
301 1050
301 1054
301 1055
301 1056
301 1057
301 1058
301 1060
301 1064
301 1072
301 1073
301 1088
302 1044
302 1047
302 1055
303 1079
304 1025
304 1027
305 1049
305 1054
306 930
306 931
306 932
306 933
306 934
306 935
306 937
306 950
306 951
306 952
306 953
306 954
306 955
306 956
306 959
306 960
306 967
306 969
306 978
306 988
306 989
306 990
306 991
306 1000
306 1001
306 1002
306 1003
306 1004
306 1005
306 1008
306 1009
306 1020
306 1040
306 1044
306 1045
306 1046
306 1047
306 1048
306 1049
306 1054
306 1055
306 1056
306 1057
306 1058
306 1064
306 1065
306 1066
306 1067
306 1068
306 1069
306 1071
306 1072
306 1073
307 1047
307 1048
308 945
308 946
308 1029
308 1030
308 1031
308 1045
308 1048
308 1056
309 932
309 933
309 934
309 935
309 953
309 954
309 955
309 956
309 957
309 960
309 963
309 964
309 1020
309 1021
309 1025
309 1026
309 1045
309 1051
309 1077
310 953
311 934
312 965
313 934
313 935
313 950
313 952
313 970
313 997
313 1002
313 1003
313 1004
313 1005
313 1029
313 1030
313 1031
313 1032
313 1033
313 1034
313 1044
313 1045
313 1046
313 1047
313 1048
313 1049
313 1050
313 1051
313 1055
313 1056
313 1057
313 1058
313 1059
313 1060
313 1061
313 1062
313 1063
313 1068
313 1072
313 1073
314 948
315 1026
316 1032
316 1050
317 1044
317 1045
318 1061
319 947
320 932
321 932
321 933
321 934
321 935
321 950
321 951
321 952
321 953
321 955
321 956
321 957
321 960
321 989
321 990
321 991
321 997
321 1020
321 1021
321 1026
321 1029
321 1030
321 1031
321 1032
321 1033
321 1034
321 1044
321 1045
321 1046
321 1047
321 1048
321 1049
321 1050
321 1051
321 1055
321 1056
321 1057
321 1058
321 1059
321 1060
321 1061
321 1062
321 1063
321 1064
321 1067
321 1068
321 1077
321 1083
322 957
322 959
322 962
322 963
322 1008
322 1014
323 1034
323 1051
323 1060
323 1061
323 1062
324 1050
324 1051
324 1059
325 934
325 1020
325 1021
325 1025
325 1026
325 1027
325 1031
325 1032
325 1033
325 1034
325 1048
325 1049
325 1050
325 1051
325 1057
325 1059
325 1060
325 1061
325 1062
325 1063
325 1065
325 1068
326 1040
326 1041
326 1044
326 1045
326 1046
326 1047
326 1048
326 1049
326 1050
326 1055
326 1056
326 1057
326 1058
326 1059
327 1040
327 1041
327 1044
327 1045
327 1046
327 1047
327 1048
327 1050
327 1051
327 1055
327 1056
327 1057
327 1058
327 1059
327 1060
327 1061
327 1062
327 1063
328 1044
328 1049
328 1050
328 1051
328 1055
328 1058
328 1059
328 1060
328 1061
328 1062
328 1063
329 1030
329 1046
329 1047
329 1048
329 1050
329 1051
329 1059
329 1060
329 1061
329 1062
329 1063
330 932
330 933
330 934
330 950
330 1033
330 1044
330 1045
330 1047
330 1048
330 1049
330 1051
330 1062
330 1063
331 1051
332 1021
333 1051
333 1062
333 1063
334 982
335 968
336 934
336 950
336 951
336 952
336 1047
336 1048
336 1049
336 1050
336 1057
336 1058
336 1059
336 1060
337 1048
337 1049
337 1050
337 1051
337 1059
337 1060
337 1061
337 1062
337 1063
337 1090
338 944
338 1022
338 1046
338 1047
338 1071
339 1044
339 1050
339 1051
339 1062
339 1063
340 935
341 1050
341 1051
341 1059
341 1060
341 1061
341 1063
342 1057
343 1051
344 981
345 930
345 980
345 1048
345 1057
345 1059
346 1041
347 930
347 931
347 932
347 933
347 934
347 935
347 950
347 951
347 952
347 953
347 954
347 955
347 956
347 959
347 960
347 965
347 966
347 967
347 969
347 997
347 1000
347 1001
347 1002
347 1003
347 1004
347 1008
347 1009
347 1010
347 1020
347 1025
347 1029
347 1030
347 1031
347 1032
347 1033
347 1034
347 1040
347 1041
347 1044
347 1045
347 1046
347 1047
347 1048
347 1049
347 1050
347 1051
347 1055
347 1056
347 1057
347 1058
347 1059
347 1060
347 1061
347 1062
347 1063
347 1064
347 1067
347 1068
347 1069
347 1072
347 1073
347 1074
347 1075
348 1079
349 1044
349 1045
349 1046
350 1020
350 1026
350 1027
350 1047
351 1005
351 1037
351 1054
351 1058
351 1059
352 1030
352 1044
352 1049
352 1050
352 1055
352 1056
352 1057
352 1058
352 1059
352 1060
352 1063
353 930
353 931
353 932
353 933
353 951
353 952
353 953
353 955
353 1005
353 1006
353 1008
353 1020
353 1021
353 1024
353 1029
353 1030
353 1031
353 1032
353 1033
353 1034
353 1044
353 1045
353 1046
353 1047
353 1048
353 1049
353 1050
353 1051
353 1057
353 1058
353 1059
353 1060
353 1062
353 1063
354 1029
355 955
355 1044
355 1045
355 1046
355 1047
355 1049
355 1050
355 1051
355 1055
355 1056
355 1058
355 1059
355 1060
355 1061
355 1062
355 1063
356 943
357 931
357 932
357 933
357 934
357 950
357 951
357 952
357 953
357 955
357 1020
357 1044
357 1045
357 1046
357 1072
357 1073
358 1051
359 951
359 966
359 967
359 968
359 969
359 970
359 976
359 977
359 978
359 979
359 980
359 981
359 982
359 983
359 986
359 987
359 988
359 1000
359 1001
359 1002
359 1003
359 1004
359 1005
359 1044
359 1050
359 1062
359 1063
359 1069
359 1070
359 1071
360 930
361 1021
361 1031
361 1032
361 1033
361 1034
361 1059
361 1060
361 1062
362 932
362 933
362 934
362 935
362 950
362 951
362 1001
362 1002
362 1003
362 1004
362 1020
362 1029
362 1040
362 1041
362 1044
362 1045
362 1046
362 1047
362 1048
362 1049
362 1077
363 950
364 933
364 934
364 950
364 951
364 952
364 953
364 954
364 1001
364 1002
364 1003
364 1004
364 1005
364 1006
364 1030
364 1031
364 1033
364 1034
364 1044
364 1045
364 1047
364 1048
364 1049
364 1051
364 1057
364 1058
365 1050
365 1058
366 1022
367 1054
367 1055
367 1056
368 1050
368 1059
369 950
370 930
370 932
370 950
370 1044
370 1045
370 1046
370 1049
370 1050
370 1051
370 1055
370 1057
370 1058
370 1059
370 1060
370 1061
370 1062
370 1063
371 1042
371 1047
371 1050
371 1051
371 1079
371 1097
372 1020
372 1021
372 1023
372 1024
372 1025
372 1026
372 1027
372 1029
372 1030
372 1031
372 1032
372 1033
372 1034
372 1058
373 1020
373 1048
373 1080
373 1096
374 932
374 933
374 934
374 950
374 952
374 1001
374 1002
374 1003
374 1026
374 1044
374 1046
374 1047
374 1050
374 1051
374 1058
375 1051
376 1029
376 1054
377 1044
377 1045
377 1047
377 1051
377 1055
377 1062
377 1063
377 1077
378 966
378 967
378 1055
379 967
379 1020
379 1051
380 1101
381 1055
381 1059
381 1069
381 1072
381 1073
381 1083
381 1090
381 1091
381 1092
382 932
382 1045
382 1047
382 1048
382 1050
382 1051
382 1055
382 1056
382 1057
382 1058
382 1059
382 1060
382 1073
383 1031
383 1033
384 1004
385 965
385 975
385 976
385 1020
385 1021
385 1023
385 1024
385 1025
385 1026
385 1027
385 1072
386 1005
387 960
387 1029
387 1074
388 1046
389 1040
389 1041
389 1044
389 1045
389 1046
389 1047
389 1049
389 1050
389 1055
389 1056
389 1057
389 1059
390 1018
391 945
391 1021
391 1051
391 1060
391 1061
391 1062
391 1063
391 1072
391 1073
392 1071
393 946
394 947
395 1050
396 1008
396 1079
397 931
397 932
397 933
397 934
397 935
397 950
397 951
397 952
397 953
397 954
397 997
397 1008
397 1020
397 1021
397 1029
397 1030
397 1031
397 1032
397 1033
397 1034
397 1041
397 1044
397 1045
397 1046
397 1047
397 1048
397 1049
397 1050
397 1051
397 1055
397 1056
397 1057
397 1058
397 1059
397 1060
397 1061
397 1062
397 1063
397 1064
397 1067
397 1068
397 1077
397 1083
398 961
398 989
399 930
399 931
399 932
399 933
399 934
399 935
399 936
399 937
399 950
399 951
399 952
399 953
399 954
399 955
399 956
399 959
399 960
399 968
399 1000
399 1001
399 1002
399 1003
399 1004
399 1005
399 1008
399 1009
399 1010
399 1040
399 1044
399 1055
399 1056
399 1057
399 1058
399 1064
399 1065
399 1066
399 1067
399 1068
399 1072
399 1073
400 968
401 1007
402 931
402 932
402 933
402 934
402 942
402 950
402 951
402 952
402 953
402 956
402 1001
402 1002
402 1003
402 1008
402 1009
402 1046
402 1047
402 1050
402 1056
402 1064
402 1066
402 1067
402 1072
402 1077
403 931
403 932
403 933
403 934
403 950
403 951
403 952
403 953
403 955
403 967
403 968
403 991
403 1002
403 1003
403 1009
403 1029
403 1030
403 1031
403 1032
403 1033
403 1034
403 1046
403 1047
403 1048
403 1049
403 1050
403 1051
403 1055
403 1056
403 1057
403 1058
403 1059
403 1060
403 1061
403 1062
403 1063
403 1064
403 1067
403 1072
404 1044
404 1055
405 1030
405 1031
405 1032
405 1033
405 1034
405 1044
405 1045
405 1046
405 1047
405 1048
405 1049
405 1050
405 1051
405 1055
405 1058
405 1059
405 1060
405 1061
405 1062
405 1063
406 1044
407 962
408 1015
409 1056
410 957
410 1050
411 1051
412 948
413 968
414 1044
414 1045
415 950
416 1044
416 1050
417 944
417 1033
417 1051
418 1029
418 1031
418 1044
418 1045
418 1055
418 1056
418 1057
418 1058
419 1008
420 942
420 945
420 961
420 1051
420 1061
420 1071
420 1075
421 940
421 952
421 1092
422 945
422 948
422 950
422 1015
422 1016
423 1020
423 1021
423 1022
423 1025
423 1026
423 1027
423 1028
424 962
424 963
424 991
424 1017
424 1050
425 1080
426 949
426 959
427 1021
427 1023
427 1026
427 1027
427 1028
428 931
428 932
428 933
428 934
428 950
428 951
428 952
428 1029
428 1030
428 1033
428 1044
428 1047
428 1049
428 1051
429 930
429 931
429 932
429 933
429 934
429 935
429 950
429 951
429 952
429 953
429 955
429 1000
429 1001
429 1002
429 1003
429 1004
429 1020
429 1029
429 1030
429 1031
429 1032
429 1033
429 1034
429 1044
429 1045
429 1046
429 1047
429 1048
429 1049
429 1050
429 1051
429 1056
429 1057
429 1058
429 1059
429 1060
429 1061
429 1062
429 1063
429 1077
430 934
430 950
430 952
430 955
430 1030
430 1031
430 1032
430 1033
430 1034
430 1044
430 1045
430 1046
430 1047
430 1048
430 1049
430 1050
430 1051
430 1055
430 1056
430 1057
430 1058
430 1059
431 931
431 932
431 933
431 934
431 950
431 951
431 952
431 953
431 955
431 1029
431 1030
431 1032
431 1033
431 1034
431 1040
431 1043
431 1044
431 1054
431 1055
431 1072
432 931
432 932
432 933
432 950
432 951
432 952
432 1040
432 1044
432 1051
433 1022
433 1027
433 1028
434 1029
434 1030
434 1048
434 1049
434 1050
434 1051
434 1057
434 1060
435 1050
435 1051
435 1058
435 1060
435 1061
435 1062
435 1063
436 1044
436 1049
437 932
437 933
437 950
437 951
437 952
437 1044
437 1046
437 1047
437 1055
437 1056
438 1041
438 1045
438 1050
438 1051
438 1058
439 991
440 1051
441 1051
442 947
443 931
443 932
443 934
443 935
443 955
443 1045
443 1046
443 1047
443 1049
443 1050
443 1051
444 950
444 1045
444 1047
444 1050
444 1051
444 1059
444 1060
444 1062
445 950
445 951
445 1040
445 1044
445 1045
445 1055
445 1056
446 1044
446 1049
446 1055
446 1056
447 1034
448 952
448 1000
448 1020
448 1021
448 1024
448 1025
448 1026
448 1027
448 1028
448 1032
448 1033
448 1034
448 1047
448 1049
449 1020
449 1031
449 1033
449 1034
450 1025
450 1027
450 1029
450 1030
450 1031
450 1032
450 1033
450 1034
450 1058
451 1079
452 1021
452 1022
452 1025
452 1026
452 1027
452 1028
453 1003
453 1004
453 1029
453 1030
453 1044
453 1045
453 1046
453 1047
453 1048
453 1049
453 1050
453 1055
453 1058
453 1059
453 1060
454 932
454 933
454 934
454 935
454 950
454 951
454 952
454 953
454 954
454 967
454 968
454 969
454 970
454 1002
454 1003
454 1004
454 1005
454 1029
454 1030
454 1031
454 1032
454 1033
454 1034
454 1044
454 1045
454 1046
454 1047
454 1048
454 1049
454 1050
454 1051
454 1055
454 1056
454 1057
454 1058
454 1059
454 1060
454 1061
454 1062
454 1063
454 1072
455 955
456 950
457 969
457 1029
457 1030
457 1031
457 1032
457 1033
457 1034
457 1048
457 1056
457 1057
458 932
458 950
458 951
458 952
458 953
458 987
458 988
458 989
458 990
458 991
458 1005
458 1006
458 1024
459 1073
460 1050
460 1051
460 1059
461 932
461 934
461 935
461 1003
461 1031
461 1032
461 1034
461 1041
461 1044
461 1045
461 1046
461 1047
461 1048
461 1049
461 1050
461 1051
462 1057
463 1051
464 1020
464 1025
464 1026
465 946
466 1079
467 968
467 1020
467 1021
467 1022
467 1023
467 1024
467 1025
467 1026
467 1027
467 1028
467 1029
467 1030
467 1033
467 1045
467 1046
467 1047
467 1048
467 1049
467 1050
467 1051
467 1055
467 1056
467 1057
467 1060
467 1062
467 1063
468 932
468 934
468 950
468 970
468 1032
468 1034
468 1041
468 1044
468 1045
468 1046
468 1047
468 1048
468 1049
468 1050
468 1051
468 1055
468 1056
468 1057
468 1058
468 1059
468 1060
468 1061
468 1062
468 1063
468 1065
468 1077
469 1048
469 1050
469 1051
469 1063
470 1044
470 1045
470 1051
471 966
471 967
471 976
471 982
471 1020
471 1070
471 1071
472 1044
472 1045
472 1046
472 1048
472 1050
472 1051
472 1055
473 1025
474 1021
475 1044
475 1055
476 930
476 932
476 933
476 950
476 951
476 952
476 1044
476 1047
476 1048
476 1049
476 1050
476 1051
476 1059
476 1060
476 1061
476 1062
476 1063
477 950
477 952
477 1024
477 1029
477 1030
477 1031
477 1032
477 1033
477 1034
477 1045
477 1046
477 1047
477 1048
477 1057
477 1060
477 1062
477 1063
478 1031
478 1032
478 1033
478 1034
478 1044
478 1045
478 1048
478 1050
478 1051
478 1055
478 1056
478 1057
478 1058
478 1059
478 1060
478 1061
478 1062
478 1063
478 1070
478 1073
479 950
479 951
479 952
480 932
480 933
480 934
480 950
480 951
480 952
480 953
480 955
480 956
480 1000
480 1001
480 1002
480 1020
480 1029
480 1030
480 1044
480 1045
480 1046
480 1047
480 1048
480 1049
480 1050
480 1051
480 1055
480 1056
480 1057
480 1058
480 1059
480 1060
480 1061
480 1062
480 1063
480 1070
480 1072
481 950
481 952
481 1044
481 1045
481 1046
481 1047
481 1048
481 1049
481 1050
481 1051
481 1055
481 1056
481 1057
481 1058
481 1059
481 1060
481 1061
481 1062
481 1063
482 955
483 1021
483 1025
483 1026
483 1027
483 1028
483 1029
484 942
484 947
484 963
484 990
484 1016
484 1017
484 1018
484 1051
484 1060
485 1044
485 1051
486 1051
487 1023
488 944
488 1020
488 1021
488 1022
488 1023
488 1024
488 1025
488 1026
488 1027
488 1028
489 1029
489 1030
489 1044
489 1045
489 1047
490 969
490 979
490 1020
490 1072
491 1050
492 950
492 951
492 1033
492 1044
493 952
494 965
494 966
494 969
494 977
494 1045
494 1046
494 1055
494 1069
494 1070
494 1071
494 1088
495 932
495 933
495 951
495 952
496 931
496 932
496 933
496 934
496 935
496 950
496 951
496 952
496 953
497 932
497 933
497 934
497 935
497 951
497 952
497 953
497 954
497 990
497 991
497 1001
497 1002
497 1003
497 1004
497 1005
497 1024
497 1040
497 1044
497 1045
497 1046
497 1047
497 1048
497 1049
497 1050
497 1051
497 1055
498 1045
498 1046
498 1047
498 1049
498 1055
498 1056
498 1057
498 1059
498 1060
499 1024
499 1047
499 1051
500 1032
500 1033
500 1034
500 1050
500 1051
500 1058
501 1031
501 1032
501 1033
501 1034
501 1041
501 1044
501 1045
501 1046
501 1047
501 1048
501 1049
501 1050
501 1051
501 1055
501 1056
501 1057
501 1058
501 1059
501 1060
501 1062
501 1063
501 1077
501 1083
502 931
502 932
502 933
502 934
502 950
502 951
502 952
502 953
502 954
502 960
502 967
502 969
502 970
502 1001
502 1002
502 1003
502 1004
502 1005
502 1009
502 1020
502 1029
502 1030
502 1031
502 1032
502 1033
502 1034
502 1040
502 1044
502 1045
502 1046
502 1047
502 1048
502 1049
502 1050
502 1051
502 1055
502 1056
502 1057
502 1058
502 1059
502 1060
502 1062
502 1063
502 1064
502 1067
502 1068
502 1069
502 1072
502 1073
502 1075
503 951
503 965
503 966
503 967
503 986
503 987
503 988
503 1000
503 1001
503 1002
503 1003
503 1044
503 1045
503 1047
503 1067
503 1070
503 1071
504 945
504 946
504 947
504 965
504 975
504 976
504 1014
504 1015
504 1021
504 1022
504 1025
504 1026
504 1027
504 1079
504 1091
505 1070
506 1041
506 1044
506 1045
506 1046
506 1047
506 1055
506 1056
507 1020
507 1021
507 1025
507 1026
507 1027
507 1028
508 934
508 950
508 951
508 952
508 1025
508 1051
509 1020
509 1021
509 1022
509 1023
509 1024
509 1025
509 1026
509 1027
509 1028
509 1029
509 1030
509 1031
509 1032
509 1033
509 1034
510 1074
511 1046
511 1047
511 1048
511 1049
511 1057
512 1044
512 1046
512 1048
512 1049
512 1050
512 1051
512 1057
512 1058
512 1060
513 1020
513 1023
513 1025
513 1026
513 1027
513 1028
514 1033
515 1050
515 1051
515 1062
515 1063
516 1044
516 1045
516 1046
516 1055
517 932
517 934
517 950
517 952
517 966
517 967
517 1030
517 1031
517 1032
517 1033
517 1034
517 1040
517 1041
517 1044
517 1045
517 1046
517 1047
517 1048
517 1049
517 1050
517 1051
517 1055
517 1056
517 1057
517 1058
517 1059
517 1060
517 1061
517 1062
517 1063
517 1068
517 1073
518 1051
518 1055
519 930
519 931
519 933
519 934
519 950
519 951
519 953
519 954
519 955
519 956
519 960
519 966
519 1000
519 1001
519 1002
519 1003
519 1008
519 1009
519 1040
519 1044
519 1054
519 1064
519 1067
519 1072
520 1050
521 930
521 955
521 959
521 962
521 1014
521 1029
521 1030
522 1034
523 932
523 1031
523 1049
523 1050
523 1054
523 1057
523 1058
523 1059
523 1075
524 1050
524 1051
525 950
525 951
525 952
525 1040
525 1044
525 1045
525 1046
525 1047
525 1049
525 1055
525 1056
525 1058
525 1072
526 932
526 933
526 934
526 950
526 951
526 952
526 1040
526 1041
526 1044
526 1045
526 1046
526 1047
526 1048
526 1049
526 1051
526 1055
526 1056
526 1057
526 1058
526 1072
527 1044
527 1070
528 931
528 932
528 933
528 934
528 935
528 936
528 950
528 951
528 952
528 953
528 954
528 956
528 966
528 1000
528 1001
528 1002
528 1003
528 1004
528 1008
529 931
529 932
529 933
529 934
529 935
529 936
529 950
529 951
529 952
529 953
529 954
529 956
529 965
529 966
529 967
529 968
529 969
529 970
529 976
529 977
529 978
529 987
529 988
529 989
529 990
529 991
529 1000
529 1001
529 1002
529 1003
529 1004
529 1005
529 1026
529 1029
529 1040
529 1044
529 1045
529 1046
529 1047
529 1048
529 1055
529 1056
529 1064
529 1067
529 1069
529 1070
529 1071
529 1072
530 989
530 1005
531 966
532 930
532 931
532 932
532 933
532 950
532 951
532 952
532 953
532 1040
532 1041
532 1044
532 1045
532 1046
532 1047
532 1048
532 1049
532 1050
532 1051
532 1054
532 1055
532 1056
532 1057
532 1058
532 1059
532 1060
532 1061
532 1062
532 1063
533 1021
533 1025
533 1027
533 1028
534 952
535 952
536 1041
536 1044
536 1045
536 1046
536 1047
536 1048
536 1055
536 1056
536 1057
536 1058
537 931
537 932
537 933
537 934
537 950
537 951
537 952
537 967
537 990
537 991
537 1001
537 1002
537 1029
537 1030
537 1032
537 1033
537 1040
537 1044
537 1045
537 1046
537 1047
537 1048
537 1055
537 1056
537 1057
537 1058
537 1072
537 1073
538 1045
538 1055
538 1059
538 1060
538 1062
538 1063
539 931
539 932
539 933
539 934
539 935
539 950
539 951
539 952
539 953
539 1040
539 1041
539 1044
539 1045
539 1046
539 1047
539 1048
539 1049
539 1055
539 1056
539 1057
539 1058
539 1059
539 1060
539 1061
539 1062
539 1063
540 931
540 932
540 933
540 934
540 950
540 951
540 952
540 953
540 954
540 1001
540 1009
540 1044
540 1045
540 1046
540 1047
540 1048
540 1054
540 1055
540 1056
540 1057
540 1058
540 1059
540 1064
540 1072
540 1073
541 950
541 951
541 952
541 1048
541 1050
541 1056
541 1057
541 1058
541 1059
541 1060
541 1075
542 960
543 1044
543 1045
543 1047
543 1048
543 1049
543 1050
543 1051
544 1048
544 1049
544 1050
544 1051
544 1063
545 1050
546 968
546 1031
546 1033
546 1034
546 1044
546 1045
546 1046
546 1047
546 1048
546 1049
546 1050
546 1051
546 1055
546 1056
546 1057
546 1058
546 1060
546 1063
547 1050
548 1040
548 1044
549 966
550 932
550 950
550 1014
550 1040
550 1041
550 1044
550 1045
550 1046
550 1047
550 1048
550 1049
550 1050
550 1051
550 1055
550 1056
550 1057
550 1058
550 1059
550 1060
550 1061
550 1062
550 1063
550 1077
550 1083
551 1020
551 1021
551 1022
551 1023
551 1025
551 1026
551 1027
551 1044
551 1050
551 1059
551 1060
551 1062
552 1051
553 1032
553 1033
553 1034
553 1050
553 1051
553 1057
553 1058
553 1059
553 1060
553 1062
553 1063
554 931
554 944
554 952
555 1030
555 1031
555 1032
555 1033
555 1034
555 1044
555 1045
555 1046
555 1047
555 1048
555 1050
555 1051
555 1055
555 1056
555 1059
555 1060
555 1061
555 1062
555 1063
556 939
557 946
557 1020
557 1021
557 1023
557 1024
557 1025
557 1026
557 1027
557 1028
557 1029
557 1030
557 1031
557 1032
557 1033
557 1048
557 1049
557 1051
558 1003
558 1020
558 1021
558 1022
558 1023
558 1024
558 1025
558 1026
558 1027
558 1028
558 1029
558 1030
558 1031
558 1032
558 1033
558 1034
558 1045
558 1046
558 1047
558 1048
558 1049
558 1050
558 1051
558 1056
558 1057
558 1058
558 1059
559 965
559 1050
559 1070
560 1095
561 930
561 931
561 932
561 933
561 950
561 951
561 952
561 1001
561 1044
561 1045
561 1046
561 1047
561 1048
561 1049
561 1050
561 1057
562 1005
563 931
563 932
563 950
563 951
563 952
563 955
563 965
563 966
563 967
563 968
563 969
563 972
563 973
563 974
563 977
563 978
563 981
563 987
563 1050
563 1051
563 1070
563 1071
564 932
564 933
564 950
564 951
564 952
564 953
564 965
564 966
564 967
564 1044
564 1045
564 1046
564 1047
564 1048
564 1050
564 1055
564 1070
564 1071
564 1077
565 1020
565 1021
565 1025
565 1026
565 1027
565 1028
566 1031
566 1032
566 1033
566 1034
566 1041
566 1044
566 1045
566 1046
566 1047
566 1048
566 1049
566 1050
566 1051
566 1055
566 1056
566 1057
566 1058
566 1059
566 1060
566 1061
566 1062
566 1063
566 1077
566 1083
567 1050
568 968
568 1051
569 1059
569 1060
569 1061
569 1062
569 1063
570 968
570 1044
570 1045
570 1046
570 1055
571 1044
571 1045
572 1050
572 1051
573 952
574 930
574 931
574 932
574 933
574 934
574 935
574 936
574 937
574 942
574 950
574 951
574 952
574 953
574 954
574 955
574 956
574 959
574 960
574 962
574 963
574 968
574 1000
574 1001
574 1002
574 1003
574 1008
574 1030
574 1031
574 1032
574 1033
574 1034
574 1040
574 1041
574 1044
574 1045
574 1046
574 1047
574 1048
574 1049
574 1050
574 1055
574 1056
574 1057
574 1058
574 1064
574 1065
574 1066
574 1067
574 1068
574 1069
574 1070
574 1071
574 1072
574 1073
575 930
575 931
575 932
575 933
575 934
575 950
575 951
575 952
575 953
575 954
575 1066
576 931
576 932
576 933
576 950
576 951
576 952
576 1030
576 1031
576 1033
576 1040
576 1041
576 1044
576 1045
576 1046
576 1047
576 1048
576 1049
576 1050
576 1051
576 1054
576 1055
576 1056
576 1057
576 1058
576 1059
576 1060
576 1061
576 1062
576 1063
577 965
577 967
577 970
577 1000
577 1001
577 1002
577 1003
577 1004
577 1005
577 1006
577 1031
577 1033
577 1069
577 1070
577 1071
577 1076
578 1020
578 1025
578 1026
578 1033
579 1020
579 1025
579 1026
580 1031
580 1032
580 1033
580 1034
580 1063
581 995
582 955
583 1031
583 1032
583 1033
583 1044
583 1047
583 1048
583 1049
584 1051
584 1078
584 1085
585 1020
585 1021
585 1022
585 1025
585 1026
585 1027
585 1028
585 1049
585 1051
586 1030
586 1031
586 1033
587 965
587 966
587 967
587 968
587 969
587 970
587 976
587 977
587 978
587 979
587 981
587 983
587 1000
587 1001
587 1002
587 1003
587 1067
587 1068
587 1069
587 1070
587 1071
587 1072
588 955
588 1005
589 1078
590 945
590 947
591 931
591 932
591 934
591 950
591 951
591 952
591 953
591 962
591 997
591 1020
591 1022
591 1023
591 1024
591 1025
591 1027
591 1028
591 1029
591 1030
591 1031
591 1032
591 1033
591 1034
591 1041
591 1044
591 1045
591 1046
591 1047
591 1048
591 1049
591 1050
591 1051
591 1055
591 1056
591 1057
591 1058
591 1059
591 1060
591 1061
591 1062
591 1063
592 1023
592 1024
592 1027
592 1029
592 1030
592 1031
592 1032
592 1033
592 1034
592 1051
592 1060
592 1062
593 1023
593 1024
593 1027
593 1029
593 1030
593 1031
593 1032
593 1033
593 1034
593 1051
593 1060
594 990
594 1023
594 1024
594 1027
594 1029
594 1030
594 1031
594 1032
594 1033
594 1034
594 1051
594 1059
594 1060
594 1063
595 990
595 1023
595 1024
595 1027
595 1029
595 1030
595 1031
595 1032
595 1033
595 1034
595 1051
595 1055
595 1059
595 1060
595 1063
596 1020
596 1050
597 950
597 1030
597 1031
597 1032
597 1033
597 1034
597 1041
597 1044
597 1045
597 1046
597 1047
597 1048
597 1049
597 1050
597 1055
597 1056
597 1057
597 1058
597 1059
597 1060
597 1062
597 1063
597 1077
597 1083
598 930
598 931
598 932
598 933
598 934
598 935
598 936
598 937
598 950
598 951
598 952
598 953
598 954
598 955
598 956
598 957
598 959
598 960
598 961
598 962
598 963
598 966
598 967
598 968
598 969
598 970
598 990
598 991
598 997
598 1000
598 1001
598 1002
598 1003
598 1004
598 1005
598 1020
598 1025
598 1026
598 1029
598 1030
598 1031
598 1032
598 1033
598 1034
598 1040
598 1044
598 1045
598 1046
598 1047
598 1048
598 1049
598 1050
598 1051
598 1055
598 1056
598 1057
598 1058
598 1060
598 1063
598 1064
598 1067
598 1068
598 1094
599 1050
599 1051
600 932
600 933
600 934
600 950
600 952
600 1070
600 1072
601 965
601 966
601 977
601 1070
601 1071
602 1057
603 1074
604 955
605 1032
605 1033
605 1034
605 1049
605 1050
605 1051
605 1058
605 1059
605 1060
605 1062
605 1063
606 930
606 931
606 932
606 933
606 934
606 935
606 950
606 951
606 952
606 953
606 954
606 955
606 956
606 959
606 965
606 966
606 967
606 969
606 982
606 1000
606 1001
606 1002
606 1003
606 1008
606 1010
606 1020
606 1040
606 1041
606 1044
606 1045
606 1046
606 1047
606 1048
606 1049
606 1050
606 1051
606 1054
606 1055
606 1056
606 1057
606 1058
606 1059
606 1060
606 1064
606 1067
606 1069
606 1072
606 1073
607 932
607 933
607 934
607 935
607 936
607 950
607 951
607 952
607 1002
607 1064
607 1067
607 1068
608 1055
609 931
609 932
609 933
609 934
609 935
609 950
609 951
609 952
609 953
609 966
609 967
609 969
609 1001
609 1002
609 1003
609 1008
609 1009
609 1029
609 1030
609 1040
609 1044
609 1045
609 1046
609 1047
609 1048
609 1049
609 1050
609 1055
609 1056
609 1057
609 1058
609 1059
609 1064
609 1067
609 1072
609 1073
610 950
610 966
610 967
610 1058
611 953
611 1030
611 1031
611 1044
611 1050
611 1055
611 1059
611 1060
611 1062
611 1063
612 954
613 1055
614 1033
614 1034
615 1055
616 1049
617 969
617 1001
617 1003
617 1020
617 1029
617 1030
617 1031
617 1032
617 1033
617 1034
617 1044
617 1045
617 1048
617 1057
617 1058
618 988
618 991
618 1000
618 1001
618 1002
618 1003
618 1004
618 1005
618 1006
618 1020
618 1021
618 1022
618 1023
618 1024
618 1025
618 1026
618 1027
618 1028
619 932
619 933
619 934
619 935
619 950
619 951
619 952
619 953
619 1021
619 1041
619 1044
619 1045
619 1046
619 1047
619 1049
619 1054
619 1055
619 1056
619 1057
619 1058
619 1077
620 1021
621 1049
622 985
622 1067
623 1055
624 930
624 952
624 953
625 968
626 1078
627 1002
627 1003
627 1004
627 1005
627 1006
627 1023
627 1051
628 1003
628 1005
629 1051
630 968
631 1032
631 1033
631 1034
631 1041
631 1044
631 1045
631 1046
631 1047
631 1048
631 1049
631 1050
631 1051
631 1055
631 1056
631 1057
631 1059
631 1060
631 1061
631 1062
631 1077
631 1083
632 1051
633 1045
633 1046
633 1047
633 1055
633 1056
633 1058
634 1017
635 949
636 931
636 932
636 933
636 934
636 935
636 950
636 951
636 952
636 953
636 954
636 956
636 960
636 963
637 1015
638 1059
639 1059
640 932
640 933
640 934
640 950
640 951
640 952
640 1008
640 1009
640 1050
640 1057
640 1058
640 1062
640 1063
640 1064
640 1067
640 1075
641 967
641 1070
641 1071
641 1076
641 1080
642 950
642 971
642 974
642 986
642 987
642 988
642 989
642 990
642 991
642 1001
642 1002
642 1003
642 1004
642 1005
642 1069
642 1070
642 1071
643 967
644 950
644 1030
644 1033
644 1034
644 1041
644 1044
644 1045
644 1046
644 1047
644 1048
644 1049
644 1050
644 1051
644 1055
644 1056
644 1057
644 1058
644 1059
644 1060
644 1061
644 1062
644 1063
644 1077
644 1083
645 932
645 934
645 950
645 951
645 952
645 1031
645 1032
645 1033
645 1034
645 1040
645 1041
645 1044
645 1045
645 1046
645 1047
645 1048
645 1049
645 1050
645 1051
645 1055
645 1056
645 1057
645 1058
645 1059
645 1060
645 1061
645 1063
645 1073
645 1077
646 957
647 933
647 934
647 935
647 950
647 951
647 952
647 1008
647 1009
647 1056
647 1057
647 1058
647 1064
647 1072
648 987
649 955
649 962
649 965
649 966
649 1044
649 1046
649 1051
649 1055
649 1056
649 1062
649 1063
649 1071
649 1088
650 1014
651 930
651 931
651 932
651 933
651 934
651 935
651 936
651 937
651 950
651 951
651 952
651 953
651 954
651 955
651 956
651 959
651 960
651 966
651 967
651 968
651 969
651 970
651 972
651 973
651 974
651 976
651 977
651 982
651 990
651 997
651 999
651 1000
651 1001
651 1002
651 1003
651 1004
651 1007
651 1008
651 1009
651 1010
651 1020
651 1030
651 1044
651 1046
651 1047
651 1048
651 1049
651 1050
651 1051
651 1054
651 1055
651 1056
651 1057
651 1058
651 1059
651 1060
651 1061
651 1062
651 1063
651 1064
651 1067
651 1069
651 1072
651 1073
651 1075
651 1077
651 1078
652 968
653 930
653 965
653 966
653 975
653 976
653 977
653 978
653 979
653 980
653 981
653 982
653 999
653 1023
653 1063
653 1070
653 1071
653 1076
654 932
654 933
654 950
654 951
654 952
654 1044
654 1045
654 1046
654 1047
654 1048
654 1049
654 1055
654 1056
654 1057
654 1060
654 1077
655 1015
655 1019
656 952
656 985
656 986
656 987
656 988
656 989
656 990
656 991
656 1001
656 1002
656 1003
656 1004
656 1005
656 1006
656 1024
657 1045
657 1047
657 1048
657 1077
658 945
658 947
658 948
658 949
658 952
658 959
658 962
658 1014
658 1017
659 1051
660 1050
660 1051
660 1059
660 1060
660 1061
660 1062
660 1063
661 952
662 1051
663 1074
664 952
664 1030
664 1032
664 1034
664 1046
664 1047
664 1049
664 1050
664 1057
664 1058
664 1059
664 1060
664 1062
664 1063
664 1073
665 1008
665 1031
665 1033
665 1034
665 1041
665 1055
665 1056
665 1057
665 1059
665 1060
665 1061
665 1062
665 1063
666 976
666 977
667 968
668 997
668 1025
668 1026
668 1027
668 1028
668 1031
668 1032
668 1033
668 1034
668 1048
668 1049
668 1050
668 1051
668 1059
668 1060
668 1061
668 1062
668 1063
669 1027
669 1060
669 1061
669 1062
670 936
670 955
671 933
671 934
671 950
671 951
671 952
671 953
671 1044
671 1058
672 930
672 931
672 932
672 933
672 934
672 935
672 936
672 937
672 950
672 951
672 952
672 953
672 954
672 955
672 956
672 959
672 960
672 965
672 966
672 967
672 968
672 969
672 970
672 976
672 977
672 982
672 991
672 1000
672 1001
672 1002
672 1003
672 1008
672 1009
672 1010
672 1020
672 1025
672 1040
672 1041
672 1043
672 1044
672 1045
672 1046
672 1047
672 1048
672 1049
672 1051
672 1054
672 1055
672 1056
672 1057
672 1058
672 1067
672 1068
672 1069
672 1072
672 1073
672 1078
672 1085
672 1094
673 945
673 998
673 1017
674 930
674 931
674 932
674 933
674 934
674 950
674 952
674 953
674 1030
674 1050
674 1051
674 1058
674 1059
674 1060
674 1061
674 1062
674 1063
675 951
675 952
675 1044
675 1045
675 1046
675 1047
675 1048
675 1055
676 980
677 1044
677 1045
677 1046
677 1047
677 1055
677 1056
678 1020
679 950
679 951
680 968
681 932
681 966
681 1082
682 955
683 931
683 932
683 933
683 934
683 935
683 950
683 951
683 952
683 960
683 1009
683 1032
683 1044
683 1048
683 1050
683 1051
683 1055
683 1057
683 1058
683 1059
683 1060
683 1061
683 1062
683 1063
683 1064
683 1067
683 1068
683 1074
683 1075
684 931
684 932
684 933
684 934
684 935
684 950
684 951
684 952
684 953
684 954
684 956
684 957
684 959
684 960
684 961
684 969
684 1002
684 1003
684 1004
684 1009
684 1010
684 1029
684 1030
684 1031
684 1032
684 1033
684 1034
684 1040
684 1041
684 1055
684 1056
684 1057
684 1058
684 1059
684 1060
684 1061
684 1062
684 1063
684 1064
684 1067
684 1068
684 1069
684 1072
684 1073
684 1074
684 1075
685 955
685 1079
686 932
686 933
686 934
686 935
686 950
686 951
686 952
686 953
686 954
686 965
686 966
686 967
686 968
686 969
686 970
686 971
686 973
686 976
686 977
686 978
686 979
686 980
686 981
686 982
686 983
686 986
686 987
686 988
686 989
686 990
686 991
686 1000
686 1001
686 1002
686 1003
686 1004
686 1005
686 1006
686 1008
686 1009
686 1010
686 1024
686 1025
686 1029
686 1044
686 1047
686 1048
686 1049
686 1056
686 1057
686 1058
686 1064
686 1067
686 1068
686 1069
686 1070
686 1071
686 1072
686 1073
686 1090
687 932
687 934
687 951
687 970
687 1030
687 1031
687 1032
687 1033
687 1034
687 1044
687 1045
687 1046
687 1047
687 1048
687 1049
687 1050
687 1051
687 1057
687 1059
687 1060
687 1061
687 1062
687 1063
687 1067
688 1030
688 1031
688 1032
689 951
689 952
689 953
689 1064
689 1065
689 1067
690 1050
690 1051
690 1062
691 968
692 932
692 934
692 950
692 952
692 953
693 1050
694 991
694 1029
695 946
695 947
696 930
696 931
696 932
696 933
696 934
696 935
696 936
696 950
696 951
696 952
696 953
696 954
696 955
696 956
696 957
696 960
696 965
696 966
696 967
696 968
696 969
696 970
696 978
696 1000
696 1001
696 1002
696 1003
696 1004
696 1005
696 1008
696 1009
696 1010
696 1020
696 1029
696 1030
696 1031
696 1039
696 1040
696 1041
696 1044
696 1045
696 1046
696 1047
696 1048
696 1050
696 1051
696 1054
696 1055
696 1056
696 1057
696 1058
696 1059
696 1060
696 1061
696 1062
696 1063
696 1064
696 1067
696 1068
696 1069
696 1072
696 1073
696 1075
696 1094
697 1045
697 1046
697 1047
697 1048
697 1049
697 1050
697 1051
697 1055
697 1056
697 1058
697 1059
697 1060
697 1061
697 1062
697 1063
698 968
699 955
699 1075
700 1055
700 1058
700 1059
700 1060
700 1061
701 957
702 962
702 1044
702 1050
702 1051
702 1059
702 1060
702 1063
703 937
704 955
705 1033
706 932
706 935
706 950
706 951
706 952
706 1045
706 1046
706 1055
706 1056
706 1057
706 1058
707 1050
707 1051
707 1059
707 1060
707 1061
707 1062
707 1063
708 1040
708 1044
708 1050
708 1051
708 1059
708 1062
708 1063
709 932
710 1029
710 1030
710 1031
710 1032
710 1033
710 1034
710 1048
710 1051
710 1057
710 1058
710 1059
710 1060
710 1061
710 1062
710 1063
711 1096
712 930
712 931
712 951
712 952
713 930
713 931
713 932
713 933
713 950
713 951
713 952
713 953
713 955
713 1000
713 1034
713 1065
714 1030
714 1031
714 1032
714 1033
714 1034
714 1041
714 1044
714 1045
714 1046
714 1047
714 1048
714 1049
714 1050
714 1051
714 1055
714 1056
714 1057
714 1058
714 1059
714 1060
714 1061
714 1062
714 1063
715 1033
715 1058
715 1059
715 1060
716 1033
716 1034
716 1048
716 1057
717 931
717 932
717 933
717 934
717 950
717 951
717 952
717 953
717 967
717 968
717 990
717 991
717 1001
717 1002
717 1003
717 1004
717 1005
717 1024
717 1026
717 1029
717 1030
717 1031
717 1032
717 1033
717 1034
717 1040
717 1041
717 1043
717 1044
717 1045
717 1046
717 1047
717 1048
717 1049
717 1055
717 1056
717 1057
717 1058
717 1064
717 1067
717 1072
717 1083
717 1094
718 956
719 950
719 951
719 952
719 953
719 1021
719 1023
719 1026
719 1044
719 1045
719 1046
719 1047
719 1055
719 1056
720 932
720 950
720 951
720 952
720 1055
720 1075
721 1041
721 1055
721 1056
721 1057
721 1059
722 932
722 933
722 935
722 950
722 951
722 952
722 1044
722 1046
722 1047
722 1054
722 1055
722 1056
722 1057
722 1058
722 1059
722 1060
723 932
723 950
723 969
723 1031
723 1032
723 1033
723 1034
723 1044
723 1045
723 1046
723 1047
723 1048
723 1051
723 1055
723 1056
723 1057
723 1058
723 1059
723 1060
723 1061
723 1062
723 1063
724 1021
724 1026
724 1029
724 1030
724 1031
724 1032
724 1033
724 1034
724 1041
724 1044
724 1045
724 1046
724 1047
724 1048
724 1049
724 1051
724 1055
724 1056
724 1057
724 1058
724 1059
724 1060
724 1061
724 1062
724 1063
724 1077
724 1083
725 952
725 1044
725 1045
725 1046
725 1047
725 1048
725 1049
725 1050
725 1051
725 1058
725 1059
725 1060
725 1063
725 1077
726 1029
726 1030
726 1031
726 1032
726 1033
726 1034
727 1025
727 1026
727 1027
727 1028
727 1029
727 1030
727 1031
727 1032
727 1033
727 1034
727 1058
728 1055
729 965
730 955
731 1004
731 1005
731 1030
731 1031
731 1045
731 1046
731 1047
731 1048
731 1050
731 1051
731 1059
731 1060
731 1061
731 1062
731 1063
732 955
733 1044
733 1045
733 1046
733 1047
733 1048
733 1049
733 1050
733 1055
733 1058
733 1060
733 1062
733 1063
734 955
735 932
735 965
735 966
735 967
735 1000
735 1001
735 1002
735 1003
735 1020
735 1070
736 1047
736 1051
736 1062
736 1063
737 1020
737 1021
737 1022
737 1023
737 1024
737 1025
737 1026
737 1027
737 1028
737 1033
737 1034
737 1049
738 950
738 951
738 952
738 1065
739 998
739 1102
740 1031
740 1033
740 1034
741 1093
742 1051
742 1059
743 1045
743 1046
743 1048
743 1060
743 1061
744 931
744 932
744 933
744 934
744 935
744 950
744 951
744 952
744 953
744 954
744 955
744 956
744 960
744 1009
744 1021
744 1040
744 1041
744 1054
744 1055
744 1056
744 1057
744 1058
744 1059
744 1064
744 1065
744 1067
744 1073
745 931
745 932
745 950
745 951
745 952
745 953
745 1002
745 1044
745 1045
745 1046
745 1047
745 1048
745 1049
745 1050
745 1051
745 1055
745 1056
745 1057
745 1059
745 1060
745 1061
745 1062
745 1063
746 955
747 1017
748 934
749 1044
749 1045
749 1047
749 1050
749 1051
750 947
750 966
751 932
751 933
751 950
751 951
751 952
751 1056
751 1057
752 1044
753 1051
754 1054
754 1055
755 1021
755 1026
755 1027
755 1028
756 943
757 957
758 963
759 958
760 1059
760 1060
761 1059
762 965
762 966
762 977
762 978
762 1069
762 1070
762 1071
763 1049
764 955
764 962
764 987
764 990
764 1005
764 1014
764 1055
764 1064
764 1065
765 1079
766 1087
767 948
768 1087
769 958
770 1045
771 1047
771 1048
771 1050
771 1051
772 965
772 1020
772 1021
772 1025
772 1026
772 1027
772 1028
772 1029
772 1045
772 1046
772 1047
772 1051
772 1070
773 1020
773 1025
773 1026
774 1051
775 1043
775 1046
775 1051
776 1051
777 1051
778 1020
779 1020
780 1050
781 932
781 933
781 934
781 950
781 951
781 952
781 1025
781 1029
781 1030
781 1031
781 1032
781 1033
781 1034
781 1044
781 1046
781 1047
781 1048
781 1049
781 1051
781 1055
781 1056
781 1057
781 1058
781 1059
781 1072
781 1078
782 1046
783 1051
784 1020
785 955
785 1044
786 955
786 1049
786 1050
786 1062
786 1063
787 1049
787 1051
788 942
788 955
788 1049
788 1050
789 948
789 1029
789 1030
789 1031
789 1032
789 1033
789 1034
789 1051
789 1062
789 1063
790 955
790 1049
791 1051
792 1051
793 965
793 967
793 976
793 977
793 978
793 982
793 1003
793 1004
793 1021
793 1025
793 1026
793 1027
793 1030
793 1031
793 1032
793 1033
793 1034
793 1055
793 1070
794 948
794 1045
794 1046
794 1048
794 1049
794 1056
794 1057
794 1058
794 1059
794 1076
795 1029
795 1030
795 1031
795 1032
795 1033
795 1034
795 1051
796 1051
797 1025
797 1026
797 1027
797 1028
798 1051
799 1015
800 950
800 951
800 952
800 953
800 965
800 966
800 967
800 968
800 969
800 970
800 971
800 972
800 973
800 974
800 975
800 976
800 977
800 978
800 979
800 980
800 981
800 982
800 983
800 986
800 987
800 988
800 999
800 1000
800 1001
800 1002
800 1003
800 1004
800 1005
800 1006
800 1008
800 1009
800 1029
800 1030
800 1031
800 1032
800 1033
800 1034
800 1057
800 1058
800 1067
800 1068
800 1069
800 1070
800 1071
800 1072
800 1073
801 932
801 933
801 934
801 935
801 950
801 1020
801 1029
801 1057
802 1051
802 1062
803 967
803 1020
803 1072
804 952
804 974
804 1020
804 1051
805 998
805 1020
805 1025
805 1026
805 1033
805 1034
805 1051
806 932
806 933
806 934
806 950
806 1029
806 1030
806 1031
806 1032
806 1033
806 1034
806 1047
806 1058
807 1051
808 1020
809 930
809 931
809 932
809 942
809 950
809 951
809 955
809 959
809 965
809 966
809 999
809 1000
809 1008
809 1051
809 1058
809 1060
809 1070
809 1071
809 1073
810 955
810 1025
810 1026
810 1030
810 1031
810 1032
810 1033
810 1034
810 1047
810 1048
810 1049
810 1050
810 1051
810 1057
810 1059
810 1060
810 1061
810 1062
810 1063
811 942
811 1049
812 1029
812 1031
812 1032
812 1033
812 1034
812 1049
812 1050
812 1051
812 1058
812 1059
812 1060
812 1061
812 1062
812 1063
813 1020
813 1048
813 1049
813 1050
814 942
814 1051
814 1059
815 1046
815 1049
815 1051
816 938
817 930
817 1045
817 1051
818 1051
818 1062
818 1063
819 931
819 932
819 953
819 1041
819 1044
819 1046
819 1047
819 1051
819 1055
819 1056
819 1057
819 1058
820 1047
821 1051
822 1045
822 1047
822 1051
823 1051
824 1043
824 1051
824 1055
825 931
825 932
825 1031
825 1033
825 1034
825 1041
825 1044
825 1045
825 1046
825 1047
825 1048
825 1050
825 1051
825 1055
825 1056
825 1057
825 1058
825 1059
825 1060
825 1061
825 1062
825 1063
826 986
827 1030
827 1032
827 1050
827 1051
827 1058
827 1059
827 1060
827 1061
827 1062
827 1063
828 955
829 1049
830 931
830 932
830 933
830 934
830 935
830 950
830 951
830 952
830 953
830 954
830 956
830 968
830 969
830 977
830 978
830 981
830 1000
830 1001
830 1002
830 1003
830 1004
830 1005
830 1008
830 1009
830 1010
830 1020
830 1025
830 1026
830 1027
830 1030
830 1031
830 1032
830 1033
830 1034
830 1047
830 1048
830 1049
830 1055
830 1056
830 1057
830 1058
830 1059
830 1060
830 1064
830 1067
830 1072
830 1073
830 1085
831 955
831 1049
832 1025
832 1026
833 1049
833 1050
834 931
834 932
834 933
834 934
834 950
834 951
834 952
834 953
834 991
834 1005
834 1033
834 1034
834 1055
835 932
835 933
835 934
835 950
835 951
835 952
835 953
835 1046
835 1054
835 1055
835 1056
835 1064
835 1065
835 1072
835 1073
836 945
836 946
837 1044
837 1045
837 1046
838 1079
838 1082
839 1044
840 957
840 1034
840 1051
841 931
841 932
841 933
841 950
841 951
841 952
841 1023
841 1030
841 1031
841 1032
841 1033
841 1034
841 1040
841 1041
841 1044
841 1045
841 1046
841 1047
841 1048
841 1049
841 1050
841 1051
841 1056
841 1057
841 1058
841 1059
841 1060
841 1061
841 1062
841 1063
842 1050
842 1059
842 1060
843 1050
844 1020
844 1025
844 1026
844 1027
845 932
845 934
845 950
845 951
845 952
845 953
845 954
846 1044
846 1055
847 952
847 1048
847 1049
847 1050
847 1063
848 1051
849 991
849 1060
850 950
850 951
850 952
850 1029
850 1045
850 1047
850 1048
850 1054
850 1055
850 1056
850 1057
850 1058
851 1050
852 1050
852 1051
852 1055
852 1058
852 1059
852 1060
852 1061
852 1062
852 1063
853 1050
853 1051
853 1059
853 1062
853 1063
854 930
854 932
854 952
855 930
855 931
855 932
855 933
855 934
855 950
855 951
855 952
855 953
855 955
855 999
855 1000
855 1001
855 1044
855 1045
855 1047
856 1032
857 955
857 1083
858 991
858 997
858 1023
858 1025
858 1026
858 1027
858 1028
858 1060
858 1077
859 930
859 931
859 932
859 933
859 934
859 950
859 951
859 952
859 953
859 1044
859 1050
859 1051
859 1054
859 1055
859 1059
859 1060
859 1061
859 1062
859 1063
859 1064
859 1065
859 1067
860 1062
860 1063
861 1048
861 1058
861 1059
861 1060
861 1061
861 1062
861 1063
862 947
863 1048
863 1049
863 1056
863 1057
863 1058
864 931
864 932
864 933
864 934
864 935
864 950
864 951
864 952
864 953
864 954
864 1001
864 1002
864 1003
864 1044
865 1029
865 1030
865 1034
865 1045
865 1046
865 1047
865 1048
865 1049
865 1077
865 1083
866 957
866 965
867 949
868 998
868 1020
868 1021
868 1022
868 1023
868 1024
868 1025
868 1026
868 1027
868 1028
869 947
870 932
870 933
870 934
870 950
870 951
870 952
870 955
870 966
870 1044
870 1046
870 1049
870 1055
870 1073
871 1050
871 1051
872 1018
873 991
874 1058
874 1059
875 934
875 957
875 960
875 1050
875 1058
876 960
876 961
876 1086
877 961
878 1051
879 948
880 983
881 934
882 955
882 1044
882 1046
882 1047
882 1049
882 1050
882 1051
882 1055
882 1056
882 1057
882 1059
882 1060
882 1061
882 1062
882 1063
883 1034
883 1044
884 955
885 1045
885 1046
885 1050
885 1055
886 962
887 931
887 932
887 950
887 951
887 953
887 967
887 1040
887 1041
887 1044
887 1045
887 1046
887 1050
887 1055
887 1057
887 1058
888 964
889 1070
889 1071
890 1050
890 1051
890 1059
890 1060
890 1061
890 1062
890 1063
891 931
892 932
892 1029
892 1030
892 1032
892 1033
892 1045
892 1050
892 1051
892 1059
892 1060
892 1062
892 1063
893 932
893 935
893 950
893 951
893 952
893 956
893 960
893 962
893 1029
893 1030
893 1031
893 1034
893 1040
893 1044
893 1046
893 1047
893 1048
893 1049
893 1057
893 1064
893 1067
893 1073
894 947
895 948
895 1020
895 1049
895 1051
895 1096
896 1044
896 1045
896 1046
896 1047
896 1048
896 1049
896 1050
896 1056
897 932
897 1045
897 1046
897 1050
897 1051
897 1055
897 1060
897 1062
897 1063
898 930
898 1044
898 1045
898 1046
898 1047
898 1048
898 1049
898 1050
898 1051
898 1055
898 1056
898 1057
898 1058
898 1059
898 1060
898 1061
898 1062
898 1063
899 930
900 1051
901 932
901 950
901 951
901 952
901 967
901 1001
901 1002
901 1003
901 1004
901 1005
901 1044
901 1045
901 1046
901 1047
901 1054
901 1055
901 1056
901 1072
902 955
902 957
903 1032
903 1048
904 1062
904 1063
905 931
905 932
905 950
905 951
905 952
905 1044
905 1048
905 1050
905 1055
905 1057
905 1058
905 1073
906 1033
906 1034
907 955
908 931
908 932
908 933
908 934
908 936
908 937
908 950
908 951
908 952
908 953
908 954
908 1001
908 1064
908 1065
908 1067
908 1068
909 930
910 957
911 1045
911 1046
911 1047
911 1055
911 1056
912 932
912 950
912 951
912 953
912 1025
912 1044
912 1045
912 1046
912 1055
912 1059
912 1064
913 1050
913 1051
914 1045
914 1046
914 1055
914 1073
915 1020
916 1045
916 1046
916 1047
916 1048
916 1049
916 1050
916 1051
916 1055
916 1056
916 1058
916 1059
916 1060
916 1061
916 1062
916 1063
917 1045
917 1046
917 1047
917 1050
917 1051
917 1056
917 1059
917 1060
917 1063
917 1077
918 1079
919 967
920 1044
920 1045
920 1046
920 1055
921 957
922 1060
922 1063
923 1050
923 1051
923 1060
923 1061
923 1062
923 1063
924 932
924 934
924 950
924 951
924 952
924 953
924 956
924 957
924 960
924 1020
924 1044
924 1045
924 1046
924 1047
924 1048
924 1049
924 1050
924 1051
924 1055
924 1056
924 1057
924 1058
924 1059
924 1060
924 1061
924 1062
924 1063
924 1064
924 1077
925 1021
925 1022
925 1025
925 1027
925 1028
926 932
927 1044
927 1045
928 947
929 1062
929 1063
